711,31,577,319,302,757,63,333,419,243,547,108
566,209,488,227,769,13,357,140,480,74,603,756
704,524,503,29,36,689,376,498,341,220,496,642
480,342,424,453,47,115,89,578,583,784,309,790
425,336,365,239,137,257,234,591,449,794,337,523
404,334,462,336,426,305,360,139,447,377,704,284
102,191,208,724,92,333,725,319,568,105,563,89
412,540,677,664,589,236,701,53,311,374,41,508
495,49,464,255,501,385,48,525,314,513,158,773
259,322,4,169,247,398,271,7,305,175,789,26
272,774,7,552,233,344,672,197,113,495,545,691
145,437,396,592,163,503,759,690,242,327,143,678
104,57,589,221,582,596,165,363,512,724,529,3
709,524,11,80,371,143,352,508,603,800,389,190
358,52,740,613,527,100,117,372,792,99,644,56
559,237,324,190,290,322,404,717,616,74,444,526
622,105,144,168,646,195,702,655,495,323,130,164
565,556,138,651,409,50,768,540,187,560,490,94
573,337,551,600,316,461,419,720,665,30,787,105
681,363,116,550,684,20,226,348,783,646,311,349
434,213,237,111,18,301,546,777,16,328,800,521
234,687,191,737,314,9,763,715,683,615,381,658
75,363,572,569,735,287,667,498,270,177,417,735
719,795,108,748,174,665,540,249,219,647,141,328
112,326,265,137,258,667,676,715,455,431,279,755
726,46,371,448,81,616,159,472,379,754,699,445
311,434,481,302,637,68,175,331,717,36,403,763
608,274,105,60,790,782,169,505,252,686,14,16
202,83,270,313,226,388,303,765,523,782,504,366
424,334,554,319,404,416,45,506,795,384,438,416
84,347,711,240,256,449,290,674,565,375,735,589
519,339,612,553,746,688,545,232,374,551,131,404
551,84,579,716,586,139,204,787,194,75,193,281
785,508,297,669,621,335,704,721,326,323,571,741
345,386,450,756,770,668,489,728,214,520,30,699
756,64,512,676,196,39,111,307,141,588,74,122
627,484,483,601,430,315,780,777,556,344,171,54
81,759,565,664,537,501,313,462,751,347,76,332
325,637,46,628,258,273,483,507,235,615,661,637
464,96,379,342,33,391,564,167,523,243,233,19
409,285,117,239,556,658,35,746,758,414,365,556
54,625,61,629,419,231,478,742,258,261,764,439
293,638,265,570,781,787,201,640,778,742,142,609
650,22,570,446,141,744,344,289,409,598,756,49
218,29,324,618,208,483,223,753,305,249,562,661
693,532,306,514,34,484,321,530,740,78,297,376
242,540,128,490,50,137,23,653,715,382,393,432
669,592,746,224,431,763,560,130,234,28,789,207
156,347,302,77,81,517,684,527,329,349,660,657
610,773,344,116,748,665,116,439,387,541,692,256
45,475,443,330,9,78,264,31,420,406,59,747
203,448,390,24,723,331,763,508,481,130,199,58
568,77,236,262,699,256,776,104,290,124,348,240
332,555,499,624,729,267,31,433,779,291,678,643
477,84,471,461,693,751,421,488,756,406,508,462
344,404,580,686,43,529,263,407,182,208,590,473
428,608,418,682,306,623,686,734,253,566,245,74
625,717,589,298,679,458,310,797,211,315,552,528
290,667,4,710,787,614,34,615,234,689,517,301
298,583,752,130,558,112,456,786,505,431,405,323
504,177,673,714,341,506,506,296,358,3,621,452
174,734,399,172,741,89,722,471,257,569,397,578
135,496,764,765,555,109,696,696,759,742,450,699
630,493,651,687,80,45,645,701,240,740,523,108
239,688,625,603,54,757,781,769,201,275,360,267
145,447,63,344,213,210,348,533,549,554,61,200
396,479,500,69,537,615,18,239,715,229,570,250
535,40,229,110,239,3,796,49,440,369,248,309
781,520,588,548,727,250,695,8,390,22,690,262
782,697,424,618,93,376,469,310,532,381,472,333
94,713,103,82,595,405,468,311,790,717,645,782
690,489,696,49,308,253,54,332,549,723,500,27
204,276,42,733,464,669,610,587,278,314,742,167
642,564,639,434,307,650,222,324,705,65,261,456
19,213,495,747,244,26,244,361,624,358,683,261
643,157,605,717,550,692,174,543,698,335,43,63
664,286,734,381,452,233,546,483,66,291,374,510
761,695,791,331,768,723,533,349,70,143,68,544
205,243,742,273,208,478,769,570,596,691,760,552
718,584,331,126,196,89,638,775,301,101,621,528
110,488,15,338,266,424,560,455,102,345,144,64
771,373,426,481,382,518,156,446,535,720,713,399
142,430,304,597,44,12,563,465,70,154,394,779
492,643,235,469,638,169,625,436,468,457,530,243
462,590,700,568,522,287,207,72,668,566,360,48
300,19,439,282,249,454,164,798,481,554,499,734
207,144,311,156,118,565,677,376,56,672,168,535
287,333,302,47,653,615,501,771,603,523,772,313
665,449,566,782,565,8,779,682,692,705,314,374
79,259,211,418,142,457,477,242,291,226,350,171
377,339,646,549,423,311,474,88,388,270,63,40
620,386,488,154,394,171,336,209,28,317,256,404
249,463,30,242,109,399,326,685,129,257,442,155
673,495,603,165,516,193,544,621,228,730,615,613
738,791,30,334,157,472,149,703,781,156,221,227
564,392,637,83,409,84,557,219,465,430,553,234
470,124,469,555,129,520,453,511,184,153,583,266
16,280,405,213,136,233,235,300,220,735,160,170
678,35,98,375,454,70,86,368,81,758,557,646
206,752,558,597,486,159,669,211,240,270,777,425
161,461,698,272,760,773,759,334,247,307,17,335
631,56,642,111,53,98,329,69,534,58,88,18
216,145,138,152,423,543,633,324,671,270,653,751
269,102,57,307,404,198,797,389,782,654,337,361
757,495,568,614,115,500,87,565,459,756,770,167
467,438,137,169,67,146,776,583,77,690,309,11
461,303,445,504,466,458,205,736,286,297,511,481
647,527,4,253,237,261,66,162,625,517,394,191
202,733,304,4,685,399,395,307,289,740,742,743
732,107,141,445,748,674,146,514,208,614,111,575
170,311,731,270,131,688,745,450,690,595,786,687
712,475,604,742,399,768,408,45,533,606,72,39
462,231,234,479,671,445,162,788,759,695,630,492
220,618,143,634,741,642,61,484,520,174,107,301
698,738,620,764,279,372,295,493,294,174,536,543
726,733,652,599,525,763,169,512,52,404,453,432
363,644,439,705,262,70,634,559,287,298,576,217
473,332,756,630,326,68,799,26,433,715,625,341
442,567,8,601,127,122,402,69,600,262,589,755
165,487,220,324,795,677,195,762,708,344,109,661
620,272,59,530,356,635,367,672,341,722,66,156
761,454,594,649,90,257,98,266,374,690,38,286
345,241,606,433,642,80,356,618,5,772,401,166
105,189,251,84,537,730,711,649,631,647,183,562
293,362,473,8,120,141,445,713,428,49,582,525
132,573,657,174,394,730,530,85,446,701,629,487
466,323,366,334,747,364,634,46,438,421,201,6
529,715,281,273,387,16,47,210,318,724,347,195
645,8,687,702,462,297,427,71,219,234,400,234
574,785,715,179,675,63,284,205,572,530,543,442
336,476,486,475,582,199,412,105,131,464,421,207
694,209,184,88,227,456,651,521,177,112,279,794
170,79,393,269,122,781,489,781,598,326,128,629
77,245,207,697,97,551,603,509,40,627,263,269
398,327,204,108,623,172,714,739,425,316,795,188
162,165,448,288,323,116,776,765,717,113,175,450
418,491,39,55,14,508,281,30,354,288,341,462
614,477,629,708,127,119,356,513,587,318,743,162
141,574,763,292,421,39,153,710,35,115,89,412
214,737,379,692,666,337,640,308,751,395,661,589
594,578,320,564,41,4,435,208,711,249,693,690
348,671,395,568,382,291,259,480,706,772,155,770
88,348,588,340,718,503,337,530,185,524,95,119
766,167,375,628,638,167,404,388,717,371,246,428
384,667,249,734,5,544,338,312,79,485,273,666
502,422,496,538,694,389,655,247,321,93,405,585
429,106,72,770,798,764,725,799,510,451,30,172
226,709,607,406,739,324,29,46,256,677,743,50
668,630,482,128,31,385,395,792,104,459,598,327
756,177,790,352,69,98,196,725,599,738,664,775
311,214,780,345,702,152,607,260,672,168,770,673
461,223,487,583,481,151,430,369,725,40,769,726
178,496,563,144,173,664,302,192,669,273,392,472
18,724,22,417,480,529,770,760,516,77,457,458
568,474,464,618,397,767,34,282,37,315,435,769
505,487,491,329,699,346,121,600,796,706,672,492
199,224,91,193,663,184,325,87,680,588,126,725
92,736,3,612,96,295,193,279,487,610,576,733
729,614,508,75,73,172,374,379,520,162,495,252
377,106,757,65,356,460,349,492,246,654,754,126
73,739,480,359,213,611,758,656,455,786,263,461
371,323,748,308,294,576,678,459,498,392,91,340
660,359,189,330,279,760,758,147,474,557,580,383
545,689,305,490,756,787,292,628,107,407,782,521
133,101,459,370,316,681,214,13,721,611,603,744
169,224,58,74,548,425,497,759,10,502,634,18
418,91,210,766,4,442,15,659,462,429,444,439
700,656,206,491,751,445,622,130,25,800,326,142
136,63,7,617,209,755,291,335,301,611,720,340
510,528,250,693,649,773,81,603,277,442,516,792
62,169,96,56,264,406,21,660,445,359,696,487
137,413,674,169,203,36,251,763,145,785,214,524
231,64,20,315,377,391,753,114,327,376,775,189
534,519,158,395,426,760,703,116,112,124,71,133
607,493,78,275,524,652,331,189,5,666,327,373
233,598,21,671,418,399,115,169,397,668,200,270
152,264,407,220,439,271,494,45,661,677,304,392
151,591,496,674,300,132,716,292,281,724,468,183
156,293,198,615,772,593,704,218,638,713,752,461
388,491,709,404,320,305,611,786,155,589,509,286
435,597,575,476,158,669,114,404,518,143,271,82
204,205,316,665,674,522,554,741,144,366,470,664
603,329,436,355,605,546,740,472,599,343,675,457
511,442,87,658,645,769,206,24,343,453,773,67
84,752,638,82,232,94,95,175,220,352,105,117
337,701,756,752,28,210,768,89,567,739,224,396
46,732,562,543,338,169,391,696,509,164,403,193
209,305,634,607,215,91,130,293,634,39,390,177
426,146,637,467,245,760,557,531,219,104,244,434
494,286,98,735,706,5,493,627,153,239,709,636
211,594,42,644,471,350,505,332,59,518,538,665
417,504,14,199,659,501,669,66,565,404,131,615
579,118,354,362,367,641,40,779,513,757,690,553
397,137,420,113,130,146,109,223,369,308,203,115
167,767,708,370,237,63,269,139,127,764,260,729
268,556,472,787,377,705,183,229,177,600,151,276
772,98,718,703,792,12,663,326,487,138,236,580
300,341,204,241,793,15,327,715,362,689,587,511
695,668,18,778,557,11,540,103,27,325,127,365
759,291,235,321,183,61,82,536,166,623,362,37
542,398,239,397,159,72,20,404,305,59,580,301
130,216,454,758,674,499,715,791,286,490,396,541
138,88,665,41,325,385,705,699,71,720,83,266
223,407,345,282,788,747,427,18,621,409,542,266
17,744,535,644,223,590,273,121,765,393,413,126
795,795,106,262,104,186,252,474,438,639,59,610
534,675,572,772,533,749,181,197,304,620,407,187
789,285,778,36,566,440,748,67,181,643,601,275
242,680,208,348,165,513,679,614,231,325,763,466
465,661,402,107,673,390,715,691,277,417,297,742
734,484,562,542,329,619,768,141,54,289,306,690
591,80,123,319,681,458,479,73,562,556,441,322
95,331,456,214,564,678,161,698,387,352,320,619
743,433,309,478,776,671,344,93,116,353,301,354
543,143,756,25,124,162,603,579,98,607,19,364
80,331,93,159,200,291,682,605,700,205,728,332
276,439,168,494,8,394,698,695,171,420,311,372
739,283,540,163,44,348,386,332,211,80,246,370
305,355,117,618,158,116,128,151,105,365,58,675
377,32,207,695,411,323,151,291,560,203,277,193
711,718,742,751,462,496,744,711,672,85,137,213
164,745,419,32,404,375,648,133,306,100,484,259
34,487,741,615,621,448,606,624,549,45,459,31
55,744,740,244,118,101,660,67,89,127,255,447
323,614,14,251,312,569,257,623,513,346,58,15
282,676,392,200,636,464,29,270,382,510,88,61
49,673,742,149,604,408,375,33,12,186,689,245
730,552,419,607,33,425,629,718,470,62,178,258
186,578,777,25,362,232,489,67,219,619,608,751
456,756,220,727,154,31,123,115,671,733,683,786
168,57,23,500,759,499,711,302,165,3,55,724
440,512,453,89,761,70,53,779,160,440,696,771
543,365,787,197,519,287,100,556,668,229,335,410
637,22,530,59,86,674,156,482,655,523,512,392
332,711,478,412,544,676,525,733,309,249,608,223
789,745,390,20,738,739,328,401,102,151,325,751
133,761,450,210,579,416,68,677,640,771,493,168
720,331,722,122,721,375,781,88,598,517,209,695
260,324,459,665,390,474,236,458,608,211,239,240
518,763,134,221,278,154,195,142,613,561,320,344
550,44,742,302,173,738,272,323,403,210,481,644
45,583,322,196,396,747,90,759,536,384,583,574
462,136,23,653,800,676,691,688,240,101,786,377
29,518,683,337,645,420,350,38,451,547,244,572
697,758,193,47,708,195,506,587,130,470,580,395
468,312,433,95,119,680,695,697,370,751,420,273
434,377,556,43,243,687,763,467,581,738,710,179
294,214,27,293,148,202,557,613,648,592,76,68
570,230,251,86,448,561,241,237,602,524,424,314
152,392,144,231,240,390,654,787,594,114,270,72
339,421,660,554,749,680,452,393,542,632,694,667
789,205,93,65,761,152,327,389,289,291,575,628
671,137,88,343,330,470,442,592,611,407,493,521
309,5,774,501,779,82,68,791,784,649,415,664
320,516,413,371,681,600,622,686,302,749,394,737
711,667,334,405,689,454,740,116,369,346,784,293
746,235,208,287,137,159,210,509,587,637,598,466
304,2,601,547,612,764,716,673,566,565,569,377
495,427,126,168,153,588,382,447,45,331,261,406
53,17,528,346,176,3,399,775,19,537,150,447
3,614,28,239,167,786,748,129,725,358,625,662
620,688,310,543,664,26,503,116,182,410,740,304
34,462,731,762,366,207,134,521,665,364,558,784
766,435,301,556,143,349,408,392,718,202,137,202
640,785,715,478,531,114,513,652,677,193,71,481
720,741,591,645,481,54,770,576,686,372,717,81
506,625,206,378,65,470,719,578,591,648,261,499
611,139,604,379,634,3,543,636,413,145,17,511
608,279,556,442,321,198,128,338,765,432,549,364
566,639,198,56,703,613,84,708,674,252,545,390
460,130,16,742,800,411,65,12,324,561,730,656
199,75,762,52,671,421,598,142,632,568,479,20
446,355,615,346,96,190,734,726,124,144,359,417
656,262,25,308,603,470,493,575,564,275,747,479
753,25,346,700,152,625,303,89,427,209,610,39
789,741,479,350,594,432,139,60,783,204,99,532
607,290,145,645,45,710,167,104,494,329,505,641
669,646,668,253,3,68,751,335,631,412,239,515
467,468,16,652,460,502,514,735,407,269,449,745
302,700,244,612,410,520,769,6,464,315,746,645
413,169,613,192,618,306,219,765,325,704,627,578
323,419,61,178,12,166,700,40,691,256,437,363
616,352,166,631,395,442,419,722,593,337,265,8
454,689,415,147,534,575,549,238,615,318,630,364
588,768,677,96,305,529,536,164,170,44,645,165
405,106,73,199,435,293,685,186,312,248,452,154
418,90,548,624,325,209,255,258,387,193,666,397
524,553,647,527,736,413,579,770,76,258,405,351
296,708,539,337,570,527,204,8,200,604,475,702
490,590,14,370,125,42,390,46,686,280,83,309
436,411,652,125,579,107,657,514,105,652,253,15
750,772,433,779,355,249,247,272,503,102,23,308
317,508,322,797,535,299,465,593,690,416,573,561
725,594,655,281,647,459,559,451,782,251,52,623
588,79,232,128,413,685,171,658,288,490,246,625
202,543,263,208,164,274,776,258,159,512,56,45
606,575,628,71,628,478,42,60,168,736,141,564
569,741,405,231,281,630,23,623,124,275,743,685
303,82,706,318,124,367,737,173,241,708,673,789
10,424,190,259,402,296,65,494,178,237,236,712
441,459,354,548,650,329,210,612,555,451,283,665
30,633,399,20,357,484,285,354,24,40,438,390
84,337,659,473,45,710,416,551,3,210,775,698
420,408,246,456,749,720,94,414,302,409,713,176
218,164,74,704,434,218,712,728,771,517,696,447
167,781,77,71,334,545,544,439,219,622,6,603
794,657,626,210,475,510,261,650,9,424,791,674
363,374,513,657,397,248,492,149,553,412,780,400
227,271,611,148,714,667,595,377,98,265,461,640
362,724,213,405,567,24,780,403,572,131,179,362
304,489,699,603,667,456,452,454,584,267,746,783
663,23,109,351,456,382,533,252,528,556,384,286
548,773,160,67,355,215,671,290,99,193,66,402
162,606,788,380,84,83,358,436,604,627,466,571
323,61,6,247,777,406,720,150,527,477,323,339
566,603,680,326,74,472,406,585,694,382,665,594
406,734,185,341,190,359,12,402,90,15,73,177
11,792,468,80,218,96,88,331,353,204,736,269
554,529,639,15,615,450,699,313,596,710,333,676
440,403,449,156,759,15,44,429,232,61,641,191
252,180,107,793,526,4,418,787,762,356,415,673
425,142,452,304,324,501,414,161,531,363,746,491
436,55,282,105,271,467,181,452,183,412,773,782
5,465,681,25,422,471,76,593,95,654,606,585
232,240,310,589,652,630,397,661,684,170,158,475
601,220,149,382,209,605,477,588,5,547,450,25
507,230,736,185,554,483,21,549,350,553,274,309
750,113,714,305,225,488,160,145,307,514,294,724
609,262,53,780,203,32,131,223,346,312,176,500
697,110,308,711,482,592,650,115,239,737,182,51
80,339,207,570,488,780,518,706,652,65,295,47
319,72,523,363,125,436,740,317,551,63,717,681
592,48,495,57,500,690,327,541,773,151,117,72
124,191,310,427,661,442,502,48,474,544,133,115
197,545,652,729,73,800,411,265,517,66,752,81
705,554,281,148,349,190,227,138,173,39,327,480
780,330,216,521,180,108,428,546,253,707,732,46
521,89,609,261,413,600,40,678,169,407,664,502
51,387,500,587,664,206,521,650,752,693,423,6
59,362,159,173,55,421,248,769,691,629,717,675
725,759,462,537,538,461,118,31,86,714,488,479
202,473,331,358,439,167,203,381,202,710,571,372
431,293,752,403,104,239,81,701,528,254,301,795
765,107,450,122,281,670,355,59,493,95,253,195
187,275,310,349,473,602,633,199,466,270,610,137
362,509,207,218,56,268,366,421,780,781,526,84
438,684,29,742,326,558,685,731,26,363,55,265
112,174,364,172,611,378,97,723,279,136,494,209
513,159,595,237,720,771,348,749,516,758,14,222
507,616,672,402,662,366,219,563,637,397,237,751
485,182,630,198,352,772,207,769,494,56,303,255
567,716,600,343,179,609,769,529,292,507,374,477
530,249,224,562,683,727,723,358,699,246,120,38
224,165,679,758,510,27,789,575,377,232,630,496
14,442,629,439,33,667,704,7,383,707,13,795
352,15,769,608,738,428,130,199,385,772,678,315
388,701,448,6,740,786,222,650,262,390,60,368
772,506,542,231,116,58,141,363,798,741,724,504
81,372,799,220,145,573,641,547,231,592,178,380
196,149,26,589,80,388,375,508,195,580,345,70
557,166,29,759,270,753,692,531,572,459,192,365
380,361,522,9,226,692,41,483,717,491,19,53
375,387,294,210,413,287,670,556,245,327,536,262
312,475,254,12,176,540,28,83,549,474,757,238
15,564,683,663,314,376,733,43,148,590,750,587
705,686,199,152,576,254,293,520,420,30,36,584
335,170,225,453,255,438,746,475,34,690,395,354
403,95,238,186,324,771,392,4,427,619,115,21
640,512,18,580,519,715,314,443,539,638,380,708
94,461,326,573,674,448,753,158,331,122,741,711
504,522,741,10,624,727,43,326,472,243,450,21
48,543,388,182,49,36,413,396,628,509,520,11
57,538,420,712,617,128,263,514,627,613,355,21
658,717,661,779,440,561,601,487,314,200,447,479
675,314,509,630,750,635,782,724,781,186,415,498
294,612,536,536,235,308,704,659,205,767,157,334
261,268,561,409,394,649,762,396,406,50,597,727
790,224,348,17,639,213,391,538,156,389,607,245
600,294,475,121,713,345,193,559,576,689,486,533
149,425,656,616,675,164,523,774,668,751,718,288
154,165,179,637,168,15,707,72,414,757,152,705
65,424,643,478,707,601,531,44,561,239,3,460
177,71,19,40,662,221,147,607,250,447,25,372
715,53,509,112,382,747,267,300,214,731,217,577
736,81,340,710,254,228,287,451,548,46,441,514
246,250,757,275,79,52,375,467,125,118,754,769
64,730,8,480,718,394,152,329,732,372,293,678
140,223,709,700,55,338,669,355,601,632,451,231
459,631,772,715,741,275,125,331,619,98,530,335
524,153,645,161,98,680,51,536,472,577,227,403
548,518,51,469,86,442,451,599,240,639,572,38
677,636,278,731,16,298,383,306,50,336,189,676
98,386,63,68,763,389,330,347,205,546,131,236
528,659,127,731,317,154,193,411,321,765,669,206
81,149,519,667,728,772,67,116,514,253,400,6
302,490,349,797,288,361,139,710,256,489,479,638
646,775,519,773,353,699,14,28,543,550,715,241
77,693,697,619,386,83,82,6,723,770,684,714
99,16,795,323,750,373,443,709,503,406,220,563
45,57,69,792,123,799,14,63,485,285,594,67
748,648,520,89,226,408,685,569,178,487,78,115
545,287,478,341,565,526,261,587,645,774,232,194
66,153,219,548,557,546,338,23,399,557,288,108
418,750,361,732,320,568,469,502,515,280,140,539
407,335,326,132,619,129,237,167,444,45,346,658
505,602,537,278,213,34,636,522,228,326,223,720
177,730,787,4,288,476,242,458,612,610,406,235
185,79,56,134,373,172,626,4,665,616,687,214
215,701,37,560,767,515,31,480,224,630,357,295
767,50,332,458,437,426,388,623,463,154,136,219
708,363,133,36,270,611,705,209,599,278,651,134
413,446,796,536,79,498,561,746,288,372,349,148
740,109,268,82,779,523,606,475,394,290,420,321
599,408,691,101,433,13,149,70,119,786,317,567
315,178,493,439,166,421,639,369,674,630,349,665
207,501,221,585,523,155,163,343,461,381,158,134
382,382,381,282,450,202,133,691,510,278,245,226
189,112,181,31,477,700,167,779,20,663,389,786
705,160,432,597,203,264,769,613,560,33,49,84
290,799,541,643,98,275,73,26,375,745,792,92
585,380,205,261,723,278,350,711,170,69,175,702
453,60,102,371,538,401,184,106,417,7,655,625
90,607,613,539,202,360,618,668,703,454,692,493
714,592,691,510,597,78,733,267,134,319,371,127
729,530,8,616,115,561,648,322,798,579,776,513
13,127,281,449,283,123,68,40,722,231,174,714
536,497,762,508,751,294,776,580,624,342,225,407
426,663,369,740,54,15,695,542,488,130,276,10
203,600,430,315,58,307,619,631,327,39,661,727
628,223,714,643,285,239,260,677,165,611,750,395
685,672,447,447,193,294,611,203,305,377,373,125
347,293,101,178,317,418,613,242,32,793,418,217
112,288,113,67,468,510,588,144,185,283,80,456
338,347,744,6,445,611,423,693,440,49,107,117
351,189,629,383,513,591,443,6,248,756,727,449
407,743,127,542,465,107,77,603,649,748,366,200
394,624,218,123,742,519,563,452,403,767,511,155
139,142,312,680,381,293,243,583,368,569,31,661
268,174,250,187,114,321,587,181,766,50,742,405
771,527,716,166,275,13,280,400,242,315,66,505
244,152,256,433,498,221,656,289,550,145,185,672
499,647,34,699,511,596,209,465,351,82,782,294
616,33,30,348,234,773,719,177,603,647,772,125
162,88,740,740,760,344,454,419,282,173,599,476
286,283,230,135,15,501,671,6,494,413,630,137
310,620,590,129,340,336,85,170,320,208,563,514
485,709,472,60,679,459,73,304,605,334,560,96
677,448,229,257,387,295,290,364,146,510,512,711
10,553,333,343,753,690,273,206,44,548,596,698
17,341,797,609,766,20,527,323,426,208,9,404
291,109,292,376,399,139,653,207,709,523,100,251
500,194,605,110,597,97,560,230,672,539,294,343
225,523,33,608,34,42,599,349,500,47,16,762
361,12,395,207,711,668,268,86,743,544,215,36
628,285,459,389,658,480,321,442,351,279,726,452
261,761,485,348,418,776,317,463,737,779,525,757
292,211,460,442,31,523,208,595,286,200,222,684
605,75,745,308,690,276,641,784,233,370,291,559
718,589,788,314,747,446,156,88,776,299,576,296
43,736,779,363,412,567,567,118,528,460,401,207
731,25,590,460,20,23,439,530,75,153,475,406
171,40,759,249,292,599,507,795,691,461,349,742
628,421,356,765,426,107,609,257,230,500,83,657
749,15,487,731,693,632,747,443,296,445,713,308
276,601,207,176,151,216,39,313,418,618,329,112
571,417,54,258,493,76,622,94,81,579,664,186
459,183,574,538,620,75,786,91,231,117,319,756
784,153,742,444,522,689,401,550,337,276,240,598
530,23,193,16,156,35,644,647,506,224,658,415
267,565,173,678,138,275,247,732,40,271,617,84
346,211,301,418,643,675,223,215,91,657,769,132
605,767,486,257,365,218,183,425,506,61,515,166
543,204,401,689,39,351,486,168,375,450,780,157
592,651,119,704,617,116,641,354,546,738,245,222
703,526,357,307,29,616,681,372,724,624,470,504
583,681,52,552,763,267,313,543,97,493,477,667
522,243,347,429,286,178,550,42,620,354,268,501
695,699,208,16,242,578,556,652,358,342,538,29
745,459,578,202,511,709,789,597,740,130,471,306
479,158,46,735,119,32,350,292,476,124,590,594
678,4,156,506,407,491,165,452,509,252,152,786
590,758,792,273,401,695,754,40,264,64,730,583
190,742,413,251,708,571,563,284,256,485,408,267
535,283,147,678,186,127,290,541,202,155,442,365
609,584,364,386,84,45,543,662,790,104,15,332
775,430,358,529,781,18,424,607,38,400,617,260
461,39,625,171,730,600,669,182,718,731,345,341
721,634,314,571,356,140,19,535,228,568,167,700
691,22,72,584,239,111,274,109,491,294,346,736
212,71,102,435,227,357,653,239,674,140,41,6
7,318,121,128,609,293,692,537,300,484,653,118
520,95,306,220,596,87,469,68,22,2,618,44
432,792,534,413,348,264,371,386,143,110,625,173
661,256,207,423,649,179,20,699,51,490,594,799
361,252,409,34,8,275,348,39,153,593,556,539
259,148,746,82,696,472,160,508,621,509,165,415
610,462,43,485,297,544,52,41,550,211,553,504
352,740,38,337,266,356,502,241,424,113,46,351
505,167,593,200,203,87,645,715,548,18,306,253
666,699,253,319,407,621,304,317,717,247,46,499
655,233,73,95,362,297,287,357,799,775,374,620
124,407,490,667,738,595,711,749,626,255,228,365
301,292,489,601,684,644,590,656,741,506,205,93
205,487,58,195,630,325,231,477,487,694,71,765
76,274,712,470,510,28,202,599,67,506,22,499
224,513,198,619,322,625,384,657,757,697,103,542
800,676,706,275,213,282,411,204,270,118,369,735
100,20,715,793,241,460,312,46,727,230,786,462
541,269,534,578,88,511,218,24,457,735,772,369
456,767,204,521,447,460,373,216,367,509,362,735
630,379,24,449,167,168,243,507,182,35,720,461
284,223,762,43,677,492,448,538,353,307,271,309
235,481,162,551,562,313,368,404,694,615,49,569
431,174,608,587,522,774,204,113,246,398,406,248
436,183,412,252,688,631,499,286,395,401,107,607
601,265,267,523,394,104,379,635,246,218,685,594
326,691,641,142,128,47,36,771,698,476,485,286
785,20,232,557,793,70,693,547,770,98,707,190
638,219,83,638,464,710,288,647,81,150,680,10
171,668,296,554,596,325,222,179,25,782,772,560
692,326,568,305,612,337,284,645,569,778,133,316
594,11,594,364,246,698,775,500,15,651,756,325
274,413,317,484,618,724,267,256,554,509,413,733
763,775,486,666,393,391,153,8,448,340,47,96
306,259,581,506,678,490,423,748,226,258,697,372
594,615,28,708,561,439,37,723,678,374,14,641
596,315,153,105,331,427,615,361,127,435,699,52
260,339,56,478,394,160,532,710,267,28,60,599
386,110,19,725,509,543,265,302,712,403,701,561
614,634,337,579,517,212,261,478,356,326,732,594
225,65,218,74,789,144,234,462,135,740,738,646
25,327,667,686,548,642,343,648,457,146,428,484
20,108,502,335,407,560,165,684,38,275,769,742
303,610,464,595,547,612,447,547,592,17,118,617
428,261,113,83,269,780,659,60,84,51,162,617
710,720,573,284,163,290,301,531,205,121,340,14
557,54,449,537,71,307,319,158,173,385,453,348
209,118,176,624,8,406,378,110,145,336,109,78
531,293,517,86,297,123,109,52,751,312,688,226
211,314,177,349,162,373,76,300,777,18,66,488
71,101,689,594,21,678,514,108,185,79,303,344
765,730,338,588,4,657,195,556,763,668,170,162
732,785,485,790,611,31,406,2,542,179,773,460
746,789,619,370,112,702,543,391,627,363,561,455
309,683,581,164,265,429,447,91,648,740,458,345
41,7,229,251,295,517,213,165,63,517,348,298
667,80,768,82,142,672,179,584,578,188,54,312
458,32,463,293,248,554,267,168,770,705,89,504
642,656,547,581,256,95,270,627,276,136,675,736
761,528,599,356,103,177,387,310,211,601,96,416
232,355,351,422,711,203,696,275,484,45,623,659
212,493,735,267,174,666,588,385,115,704,55,707
311,770,28,476,8,275,502,168,243,429,407,607
583,565,599,440,67,453,373,383,687,169,149,482
685,328,688,109,591,772,135,365,98,404,238,334
334,479,784,170,358,518,616,212,787,625,335,506
435,182,397,321,724,53,446,371,61,27,733,148
243,169,11,510,761,224,544,734,24,283,118,405
513,577,655,90,409,779,35,119,644,739,656,432
692,583,758,107,614,209,105,50,199,373,517,279
165,572,564,336,478,357,608,470,796,469,352,693
769,398,45,470,688,470,627,30,13,632,410,398
223,641,296,280,166,398,707,379,141,4,309,590
562,298,36,322,432,521,375,790,21,613,755,527
65,607,554,744,111,653,206,619,593,156,373,496
102,625,488,452,473,476,712,401,356,629,524,365
734,704,311,409,701,439,232,410,350,432,522,72
116,436,739,388,410,614,426,166,604,254,742,144
288,29,764,422,546,276,571,532,640,448,511,315
565,487,657,259,398,517,753,276,158,411,163,615
256,293,763,180,401,490,321,38,56,728,678,789
407,492,779,215,430,799,449,418,114,281,354,456
112,551,165,355,392,693,575,206,429,710,609,229
325,489,626,586,70,642,137,241,676,77,454,798
247,254,267,724,501,641,34,179,45,262,270,275
206,64,176,362,190,579,412,522,124,273,628,333
113,791,114,710,688,638,195,40,212,336,338,26
501,684,201,18,614,751,69,655,701,780,336,632
118,740,629,259,86,626,768,622,354,123,129,438
561,106,440,620,354,600,300,185,304,204,711,621
423,406,10,503,425,24,431,191,649,177,693,563
234,394,729,276,792,78,611,728,672,516,771,372
166,146,50,605,206,393,752,134,535,470,144,120
743,695,135,777,25,549,681,356,142,681,746,766
90,420,366,337,630,613,680,92,552,100,148,103
14,226,304,555,67,461,775,572,715,598,627,71
719,589,285,560,7,409,173,394,250,730,458,752
438,509,22,603,633,452,670,334,743,205,440,790
540,514,632,696,685,63,437,43,280,525,565,107
213,495,566,416,612,587,686,683,367,610,28,228
540,178,105,765,800,481,571,231,788,748,50,348
151,516,690,312,464,410,203,508,321,157,162,695
51,602,727,259,215,692,502,432,73,366,470,481
43,392,384,46,644,681,95,100,669,141,483,687
397,603,106,355,686,381,243,656,24,179,297,774
629,786,510,350,184,226,535,93,740,26,156,447
124,732,480,649,49,592,196,701,22,56,660,343
726,636,410,660,72,133,200,566,342,315,522,766
456,799,511,567,212,202,432,44,666,674,748,627
595,685,754,484,112,231,133,187,205,98,506,155
382,197,549,711,8,579,455,626,713,432,790,643
103,511,27,496,462,142,332,745,200,359,728,411
273,760,445,574,66,622,96,596,534,740,158,569
334,455,203,18,437,13,12,656,610,116,595,297
635,356,170,437,292,604,521,127,602,449,315,122
9,107,213,631,509,491,111,103,652,480,753,425
644,20,638,728,640,318,690,727,651,687,766,646
742,559,173,535,320,393,23,26,642,765,240,370
577,8,569,693,24,263,267,58,275,277,34,670
127,215,19,493,117,534,203,291,197,36,249,327
700,240,78,468,203,630,686,85,326,608,798,386
764,86,213,206,357,547,433,602,586,213,121,655
466,72,759,774,567,383,515,689,457,582,15,230
37,517,173,199,75,754,739,151,341,684,515,791
504,135,168,661,38,112,460,261,426,280,346,118
509,16,219,147,771,585,496,763,380,477,70,482
54,68,29,743,372,646,697,496,274,338,136,517
155,665,422,676,238,654,505,699,412,343,18,609
348,410,118,202,356,142,200,568,314,244,226,420
61,21,438,113,527,551,381,446,340,198,66,194
182,151,190,116,465,792,687,161,295,427,462,545
365,181,696,617,513,611,326,55,731,429,143,129
580,378,493,413,393,791,746,85,682,377,428,679
202,551,24,349,482,385,627,340,483,133,402,388
300,300,350,677,548,297,33,41,245,695,371,517
373,271,748,278,735,61,396,110,624,301,446,75
31,415,288,22,724,753,185,204,489,597,667,687
70,145,92,365,325,592,385,91,148,216,44,146
559,572,159,687,359,87,461,412,257,351,599,682
250,334,797,694,530,415,749,68,313,516,37,447
270,525,71,796,258,501,338,592,103,195,681,520
772,19,341,761,533,570,589,778,463,117,305,381
273,256,105,499,383,521,101,114,67,68,7,118
397,444,746,626,700,731,528,83,300,470,229,573
390,76,308,135,582,480,343,383,48,459,65,244
149,769,746,223,271,736,104,592,275,438,710,674
250,573,99,704,715,768,113,28,54,71,330,49
616,466,389,396,208,273,293,519,653,122,87,541
58,462,158,346,188,677,326,580,593,359,647,129
114,541,328,361,464,614,328,232,39,163,293,494
292,763,463,18,411,634,90,602,596,301,590,207
482,583,761,369,518,522,187,148,359,175,282,451
15,590,508,162,315,195,319,205,516,98,583,666
147,661,654,167,410,365,161,299,779,417,187,256
565,631,74,587,230,289,644,225,636,458,428,631
569,131,56,626,151,152,230,146,701,149,751,533
405,18,325,551,788,696,27,298,726,699,650,728
499,710,141,154,668,399,423,708,734,81,142,518
666,292,412,390,249,174,265,175,346,206,305,233
13,684,37,651,42,527,134,591,381,734,720,704
428,522,448,759,125,166,169,493,96,534,786,796
352,399,468,641,758,62,661,658,601,703,242,135
239,536,571,552,731,615,112,397,504,786,216,120
238,490,541,638,634,747,65,521,499,57,43,549
281,10,170,748,410,687,94,124,533,4,725,145
243,44,365,263,206,709,310,549,537,480,269,205
214,9,143,727,742,331,741,227,193,576,235,21
490,329,313,67,605,481,785,379,510,511,719,342
21,500,645,161,708,716,291,262,132,223,509,122
398,77,509,554,722,110,542,191,74,554,145,259
410,648,198,485,767,189,736,665,418,633,604,650
180,204,81,93,48,383,300,637,738,353,790,634
708,636,757,115,764,684,83,132,634,784,670,375
622,661,693,154,128,498,526,658,643,344,727,242
85,495,384,65,51,635,197,779,543,136,563,360
127,566,255,23,383,423,761,699,232,452,66,240
447,751,729,8,10,37,621,73,716,7,52,225
78,446,333,542,585,360,513,240,361,154,152,545
80,77,163,570,555,717,405,531,249,684,182,723
402,584,280,588,32,241,694,16,701,588,173,754
351,587,110,136,541,558,414,340,533,327,137,797
471,142,35,99,645,469,378,672,266,231,496,48
705,471,531,31,594,161,81,578,469,363,187,767
649,458,432,415,8,128,113,423,746,76,153,69
155,655,338,120,795,593,534,5,773,53,503,728
702,554,399,725,466,569,380,699,506,310,488,631
123,613,682,566,727,116,135,677,494,252,318,16
707,414,176,253,576,173,188,89,731,600,666,687
409,289,356,161,716,484,539,447,650,601,349,668
302,359,638,527,538,698,431,140,103,305,387,320
624,444,421,145,304,594,283,126,467,49,520,420
633,476,248,338,361,774,117,223,544,222,630,771
655,764,731,651,179,471,11,563,106,667,142,188
414,366,374,22,58,288,659,451,435,187,603,335
565,536,253,120,326,142,268,481,774,105,154,418
758,600,390,9,53,305,345,386,154,114,492,506
560,596,262,317,417,241,493,732,392,520,297,425
240,471,352,188,571,245,326,32,315,459,494,573
479,488,278,606,371,56,425,274,773,204,537,240
291,315,673,609,495,74,206,675,423,467,647,634
750,347,135,667,656,734,406,697,497,237,780,616
630,590,328,305,392,375,669,326,364,628,155,649
623,426,518,674,325,115,213,622,236,404,379,635
127,541,419,645,136,646,396,76,753,745,348,168
732,595,16,569,739,288,786,779,107,646,121,340
597,34,2,211,370,301,713,778,247,100,522,286
271,404,478,765,35,26,280,38,411,762,527,326
410,421,97,457,138,658,634,374,48,355,119,55
357,626,484,167,658,697,432,163,735,122,172,717
611,368,785,169,175,83,661,471,116,131,750,157
177,647,789,231,492,189,393,37,70,2,566,692
66,130,42,706,721,534,155,684,2,105,710,326
644,115,361,311,77,365,789,205,356,616,626,717
785,596,324,170,540,49,83,516,678,414,581,390
560,732,412,203,632,777,123,225,64,314,155,633
587,233,451,434,28,436,568,434,591,129,776,306
131,704,708,51,438,788,705,592,392,477,102,435
89,545,400,593,778,374,84,623,143,590,615,45
293,550,662,672,208,249,2,123,111,452,249,308
783,291,134,461,40,175,794,230,9,153,78,83
364,658,119,228,549,254,43,411,529,451,304,738
351,766,420,722,209,616,729,784,563,123,103,42
535,612,658,432,502,468,31,281,289,50,260,275
50,332,425,364,324,306,437,76,798,3,682,133
216,48,501,700,518,229,800,662,276,333,115,696
74,74,581,432,92,10,281,58,582,87,134,164
383,419,58,504,641,169,553,275,154,218,178,281
367,529,487,691,588,703,80,709,512,350,626,13
156,2,81,487,453,334,196,473,68,371,760,263
529,386,637,516,344,161,178,80,759,485,201,255
337,373,186,496,605,795,121,362,351,765,378,183
567,259,474,39,27,356,222,315,309,259,427,643
80,105,28,258,107,292,378,611,473,421,568,390
63,335,494,67,732,757,299,368,632,290,444,138
51,627,387,432,555,578,104,190,689,736,88,574
798,728,112,96,515,269,258,615,352,668,281,35
414,798,348,520,304,174,91,558,270,145,467,447
147,209,20,226,55,224,264,668,33,505,437,78
465,222,656,651,663,131,733,431,333,195,632,546
288,193,789,330,402,335,56,743,80,739,781,202
510,334,438,14,782,213,481,90,97,645,653,7
285,570,18,357,140,783,350,750,359,134,219,526
286,144,788,177,510,528,212,262,145,449,297,504
689,413,647,284,571,428,745,499,4,372,621,44
109,778,676,645,185,137,616,494,153,44,12,220
669,496,105,444,20,786,235,42,133,755,75,197
12,735,335,527,260,777,589,390,352,148,344,269
477,464,149,553,56,779,574,55,214,302,575,673
679,530,446,796,275,313,87,224,23,619,368,46
89,662,767,353,359,616,112,701,144,534,24,717
462,91,400,324,92,162,180,506,796,245,65,248
301,797,672,172,564,418,637,288,622,60,294,376
482,479,229,586,149,703,398,646,246,448,441,686
257,694,704,665,439,657,276,325,461,633,510,62
187,526,174,327,220,515,145,710,315,378,336,225
583,194,545,91,780,133,402,323,416,371,535,236
164,646,559,492,597,93,631,511,314,340,305,498
598,74,687,119,696,137,651,470,775,672,176,227
666,691,120,324,417,363,620,135,392,758,618,736
479,65,359,37,698,642,141,35,186,634,617,581
648,86,213,683,171,399,537,279,91,28,715,148
543,797,712,251,69,624,101,3,681,711,574,688
250,272,595,172,461,251,499,554,208,522,14,257
371,119,138,355,480,695,464,431,478,677,680,732
398,579,662,228,530,514,567,142,152,603,308,733
328,404,31,300,219,755,20,260,508,405,525,203
324,328,602,589,554,469,286,733,743,116,174,689
141,641,685,596,516,90,636,467,742,468,154,40
599,656,407,635,268,570,414,547,315,23,419,554
407,433,130,454,500,636,563,366,112,90,551,523
26,493,419,616,637,587,247,712,521,61,149,464
262,724,712,108,96,738,147,80,103,486,168,93
220,44,582,444,717,242,592,211,455,103,176,13
755,416,378,490,150,797,512,798,589,49,546,694
681,100,362,544,286,571,72,128,685,735,89,682
27,626,306,532,64,697,164,34,366,553,748,90
258,423,60,110,356,548,794,130,361,423,98,715
488,46,267,397,272,590,155,503,230,310,719,327
166,40,442,709,103,175,703,245,460,671,652,738
48,773,541,321,121,273,227,227,40,222,368,380
419,518,160,646,595,767,486,451,533,159,665,384
472,779,721,555,120,118,556,389,26,69,683,596
713,720,698,511,607,744,486,743,487,213,135,522
485,310,286,193,175,246,27,305,744,297,112,783
231,39,497,240,551,44,740,500,330,522,316,403
785,604,469,497,763,202,27,388,464,282,537,798
751,4,490,635,207,683,387,330,230,772,136,667
739,648,552,675,317,361,268,628,705,517,233,249
794,368,561,741,317,713,614,328,719,781,141,346
386,585,345,346,78,136,686,173,302,430,254,184
52,164,316,54,626,107,701,374,65,595,682,311
276,635,151,712,459,501,482,686,726,325,390,219
357,30,499,259,743,10,680,401,375,185,427,224
741,83,469,682,174,20,348,11,416,19,548,277
609,99,470,532,626,75,711,703,318,316,363,558
440,102,580,379,310,76,220,559,409,446,668,589
464,666,265,40,468,345,340,471,34,2,574,251
364,530,234,302,9,583,584,751,54,637,253,752
800,481,369,698,544,395,731,660,534,739,703,749
324,789,423,244,775,513,309,334,509,566,433,593
330,21,456,36,547,710,271,258,687,22,296,748
210,413,365,560,115,703,674,717,87,155,192,785
280,128,280,257,115,318,627,724,693,463,4,722
290,559,620,749,786,497,775,195,562,252,582,699
88,657,54,444,316,692,33,758,550,486,781,547
562,71,190,157,630,619,184,314,419,565,112,749
638,677,331,592,615,769,499,751,765,674,701,42
477,303,441,566,750,108,238,792,548,707,316,616
527,218,85,666,774,688,73,360,400,333,682,623
22,370,524,627,192,239,112,616,159,265,97,67
446,122,667,771,133,239,256,33,528,9,768,262
704,410,618,269,548,466,451,701,686,112,700,698
282,363,541,51,800,687,715,226,644,667,9,54
378,444,91,215,388,781,657,336,279,724,558,644
468,124,256,11,4,643,118,11,698,296,798,250
638,288,511,120,214,235,719,546,799,523,616,567
594,468,80,561,698,53,449,731,785,11,69,654
557,582,206,316,239,787,744,483,177,519,105,343
398,322,137,580,89,489,123,120,467,4,189,199
367,423,446,307,80,796,5,661,45,634,472,700
607,686,264,755,123,730,437,319,53,567,195,301
281,492,244,396,566,162,771,526,524,513,94,518
124,213,38,633,356,433,425,626,795,776,203,240
219,581,271,586,125,412,218,709,598,737,571,154
766,776,218,455,316,565,77,97,271,741,717,394
580,629,713,321,757,326,748,768,721,384,723,677
740,476,100,275,296,448,305,313,470,201,575,213
683,617,327,28,508,713,739,39,715,33,723,117
645,573,129,192,71,478,307,682,259,345,661,615
704,382,104,149,263,128,21,150,441,767,18,376
76,496,583,34,147,540,740,14,193,213,366,334
648,582,57,461,797,587,265,11,767,320,618,476
731,40,724,219,420,405,702,762,731,676,732,510
650,510,363,179,85,613,286,644,770,313,611,569
533,350,111,167,626,738,322,222,503,674,614,98
21,400,440,386,601,93,760,762,445,400,391,189
522,329,318,551,502,185,471,372,341,203,322,774
105,64,485,452,290,612,264,585,585,178,168,258
104,61,621,414,91,758,752,35,233,783,733,637
380,635,12,182,202,711,83,134,725,62,461,509
362,462,717,310,505,98,575,112,748,718,401,159
202,401,626,239,614,171,346,688,592,197,642,271
680,403,746,106,293,680,426,192,653,582,159,780
635,595,702,291,180,115,363,680,260,87,162,16
242,578,201,690,87,674,400,747,519,757,28,311
27,140,669,17,479,483,355,295,158,199,330,505
255,105,67,311,448,156,591,276,468,62,462,328
618,661,761,364,49,574,410,21,563,470,311,556
649,19,730,227,720,681,75,434,100,224,208,447
342,41,619,66,240,373,790,499,473,54,406,379
356,189,430,117,445,118,348,216,361,280,284,620
554,793,375,631,660,366,687,613,186,7,535,322
16,99,99,55,25,228,215,158,521,275,315,481
253,598,198,359,667,737,774,229,185,467,173,667
66,570,298,252,448,78,759,756,99,18,569,194
486,517,442,319,616,165,428,723,687,498,542,760
630,773,768,168,255,277,788,742,440,727,151,418
660,740,184,490,484,50,610,514,533,408,219,384
569,59,101,768,798,519,331,604,224,727,744,513
602,538,250,603,405,235,529,567,231,531,243,411
279,742,110,707,800,139,28,530,148,278,355,172
734,509,420,418,673,41,450,352,625,390,382,285
120,669,139,229,368,683,174,214,699,649,43,595
133,508,725,235,12,415,372,554,239,48,57,733
604,736,565,700,573,233,106,24,689,780,540,354
301,72,113,538,196,612,92,337,298,537,402,238
193,249,216,371,775,219,132,469,463,544,458,557
671,574,241,667,731,714,540,310,584,404,289,252
557,296,204,684,96,729,27,609,628,570,653,26
745,696,622,139,776,227,609,471,418,47,183,581
443,337,450,225,104,122,600,298,59,753,516,70
467,380,657,752,89,780,516,56,93,237,650,397
424,463,137,440,412,655,138,658,618,185,515,729
520,314,571,531,44,566,676,641,280,781,519,105
72,616,312,258,79,356,600,169,562,77,428,190
585,688,312,605,503,556,695,740,798,619,144,675
697,553,148,379,447,544,560,637,507,737,257,678
477,263,561,542,705,570,730,553,555,756,692,734
791,111,509,763,133,415,572,596,375,572,271,769
294,100,386,381,317,756,325,97,598,542,50,433
4,537,77,340,170,494,591,281,413,104,540,467
76,770,712,689,398,221,611,652,123,409,228,218
769,183,429,611,5,357,547,144,83,254,537,544
243,83,191,166,55,349,753,175,433,4,96,230
557,135,728,397,722,269,254,14,127,220,496,594
101,192,580,676,671,546,617,52,14,219,719,452
296,561,502,128,718,715,790,691,675,21,284,756
343,773,613,44,746,124,281,137,715,461,134,359
749,322,253,633,773,203,614,532,118,265,25,581
104,726,461,29,499,506,72,689,727,56,677,302
633,676,455,130,441,637,519,164,779,555,797,610
599,128,119,797,271,162,726,310,403,420,605,478
533,557,706,776,541,231,499,704,332,241,222,648
740,633,410,496,600,310,727,256,295,301,555,624
34,396,780,103,70,549,459,355,733,729,422,2
605,606,726,188,502,634,274,613,436,793,278,463
499,38,722,152,525,649,296,371,638,205,589,228
47,381,747,772,473,445,399,325,8,395,438,792
468,724,66,720,195,41,152,171,389,713,390,340
553,592,566,60,575,666,514,447,701,317,189,62
530,508,675,690,112,592,794,586,718,747,337,794
279,56,133,403,204,769,546,536,503,175,469,371
713,120,267,223,30,673,271,358,652,258,136,702
443,142,224,740,551,193,475,561,80,277,105,235
384,449,326,303,788,117,281,247,580,744,531,24
617,774,92,279,337,342,497,451,49,620,175,463
18,498,574,73,308,244,731,591,163,154,689,780
263,590,157,69,332,121,392,603,43,392,141,353
105,368,225,377,25,202,672,316,278,47,695,426
583,311,388,558,30,258,705,632,798,645,410,533
137,411,63,541,419,587,742,335,191,600,147,207
576,174,198,791,512,689,244,275,535,516,484,128
504,171,578,635,579,651,452,22,153,529,768,716
536,14,200,794,665,712,800,732,353,596,398,87
666,481,617,4,205,172,723,155,31,705,104,647
40,110,92,461,98,581,683,768,504,377,578,564
422,264,37,777,713,14,416,243,504,761,693,162
179,438,681,105,718,724,667,759,775,297,48,300
258,494,67,468,702,364,562,712,97,658,47,95
156,512,663,67,53,379,675,752,460,799,81,285
433,201,357,175,422,32,585,103,521,406,338,556
560,137,742,702,116,495,424,81,274,455,355,781
534,537,667,718,16,690,74,491,569,424,362,105
538,72,176,577,200,763,41,144,94,3,371,397
50,388,796,496,347,328,667,15,674,236,210,146
341,249,448,12,538,680,247,25,592,43,26,360
140,607,437,233,505,617,110,417,555,60,476,76
462,489,675,694,438,532,727,168,337,88,364,189
782,495,54,480,147,782,219,678,109,670,106,374
288,197,705,19,167,340,174,613,61,293,702,731
460,125,364,616,482,737,309,366,413,567,341,515
331,149,13,555,564,238,726,129,747,437,577,600
192,162,384,573,692,91,38,512,285,78,284,548
675,651,369,245,631,468,795,167,400,717,540,87
89,274,154,175,316,721,370,293,733,83,161,55
581,642,416,196,253,561,630,740,507,659,148,254
678,480,238,479,696,596,336,153,308,443,183,656
76,58,527,536,480,752,255,419,386,374,184,465
708,674,598,732,44,717,587,308,460,354,117,79
417,167,724,243,772,618,610,250,51,113,38,422
290,430,766,430,47,271,729,750,492,299,522,259
72,304,301,522,216,605,717,648,732,712,721,386
329,313,405,219,191,508,433,776,178,625,725,163
586,762,420,217,471,398,322,607,137,374,298,764
657,15,583,429,665,29,213,6,591,379,605,165
320,736,747,432,700,725,139,534,299,600,443,757
58,604,75,55,376,420,154,627,299,624,593,108
800,47,150,14,408,8,728,577,490,28,340,408
480,608,186,694,247,693,130,653,155,119,680,563
791,607,649,217,764,489,496,434,244,86,145,450
473,557,184,515,546,445,535,603,100,377,775,377
105,684,488,252,232,139,611,556,35,658,560,54
475,14,530,258,467,607,573,690,92,605,650,486
314,432,251,757,459,512,233,605,590,529,3,103
49,416,79,621,744,419,493,519,212,220,204,86
5,192,748,588,778,166,138,83,439,596,258,343
339,186,364,664,755,652,140,627,660,653,279,301
53,263,719,392,223,793,319,357,59,282,391,79
566,43,202,170,196,255,298,231,144,114,785,686
279,62,707,488,332,592,597,63,222,485,551,652
336,187,103,124,62,250,183,284,232,245,789,135
79,199,119,553,735,791,587,241,212,701,629,16
80,693,547,670,756,793,84,321,505,125,654,340
213,768,269,172,702,486,411,321,68,409,689,486
539,298,739,203,493,726,517,686,619,351,87,126
2,798,111,48,409,520,247,598,443,551,112,2
139,744,790,24,283,102,253,78,136,315,728,780
18,174,527,651,682,378,13,442,604,646,456,630
539,798,372,582,264,744,243,646,308,364,527,390
702,752,247,532,536,466,672,440,122,296,235,325
218,769,531,790,773,124,736,156,195,790,655,78
649,404,73,185,264,502,555,546,715,434,260,450
478,39,163,646,295,486,259,631,58,465,772,139
230,254,464,610,9,538,294,13,603,228,82,669
383,666,344,19,393,72,152,622,131,614,660,186
347,666,298,238,99,246,779,48,342,333,429,75
110,794,405,368,153,240,453,577,20,391,777,745
440,128,350,658,22,495,558,378,619,303,44,486
786,512,180,285,62,471,655,680,146,604,42,552
316,4,607,657,83,477,531,256,397,658,548,446
402,781,280,757,688,766,15,257,150,223,602,634
85,748,500,266,312,159,444,538,336,64,696,285
23,160,614,189,704,793,83,650,760,572,223,405
451,102,407,598,144,395,19,60,204,765,207,642
322,488,629,72,673,707,654,541,68,231,558,203
305,572,2,693,450,85,642,539,789,690,481,371
30,392,737,171,668,520,615,122,716,149,682,64
554,759,800,307,117,284,120,93,529,689,256,743
752,344,649,174,703,71,231,488,374,502,528,6
353,644,633,581,737,182,329,31,698,483,344,133
589,605,161,617,566,662,81,543,606,766,383,688
227,300,62,98,265,24,470,77,81,255,376,100
188,445,136,39,349,222,705,163,459,794,706,83
289,508,793,741,751,795,614,524,563,671,691,198
670,362,293,735,458,526,3,759,274,368,512,325
773,133,427,334,455,548,714,168,387,452,424,228
288,212,27,232,201,104,616,7,116,592,192,174
462,728,171,244,387,448,690,249,297,798,173,168
231,373,254,238,458,23,558,572,212,438,544,661
4,305,732,507,339,486,391,300,546,680,44,191
377,663,251,502,321,63,352,259,704,598,673,135
552,670,347,540,728,692,608,154,367,687,17,707
696,23,267,722,706,358,111,173,64,265,686,630
351,513,528,223,650,55,741,185,651,437,184,84
640,296,71,234,778,266,163,293,219,321,342,96
520,63,408,236,434,639,473,283,490,485,759,767
135,613,113,121,782,512,55,682,558,11,57,143
102,561,162,721,691,232,591,477,4,295,674,490
320,22,306,470,343,473,394,45,116,326,269,486
273,376,674,354,594,279,511,458,687,764,596,327
320,186,261,164,543,739,408,466,727,527,745,352
392,129,501,752,125,629,277,583,720,680,626,145
448,561,369,434,381,66,727,168,788,633,758,154
490,210,750,407,777,627,460,684,463,481,119,234
793,572,620,422,281,353,275,31,202,479,119,156
489,245,644,633,358,283,797,165,734,184,635,27
789,37,470,411,622,778,116,408,494,623,328,152
654,188,598,149,19,211,615,644,278,79,155,107
731,772,32,557,695,251,644,384,211,631,294,70
24,316,623,271,277,322,560,500,647,35,379,642
702,509,92,407,756,17,230,601,422,551,377,72
645,687,208,593,309,357,200,424,208,666,582,280
481,462,598,361,276,777,644,151,87,235,779,518
412,294,798,655,252,209,528,337,594,609,44,797
419,486,316,160,304,548,2,126,622,389,55,456
687,327,328,330,331,290,51,325,18,417,798,8
178,270,172,158,53,98,498,318,656,587,33,235
564,400,631,510,347,693,653,206,435,499,279,775
189,773,786,653,206,461,73,794,203,406,708,36
80,577,539,697,421,723,674,452,187,266,531,367
736,265,728,316,779,671,143,628,596,777,554,730
729,600,434,254,544,80,284,220,392,428,628,307
39,442,647,554,461,734,290,240,493,669,402,543
275,492,792,533,574,287,429,146,21,382,426,700
130,29,539,277,664,605,551,108,112,230,255,745
406,292,599,346,255,51,301,204,719,577,162,395
700,614,535,233,660,437,492,262,566,217,724,396
435,491,589,655,707,96,433,614,267,598,144,14
786,631,436,522,222,152,160,532,493,355,488,766
136,289,718,669,481,613,383,237,685,298,247,591
348,272,97,243,668,166,181,300,642,329,729,465
172,276,639,593,206,275,81,436,585,617,26,106
183,48,567,615,463,193,216,766,281,377,716,570
756,717,729,576,441,540,400,748,651,65,517,346
233,53,573,430,85,793,515,778,570,674,766,238
289,377,317,52,429,569,666,716,412,490,302,778
280,619,542,210,111,43,611,476,295,770,332,770
600,630,542,314,202,24,223,101,785,335,97,30
78,469,601,424,462,502,552,349,182,731,142,630
396,695,712,203,367,417,487,552,283,239,296,330
148,418,184,232,731,118,264,617,525,676,411,627
582,244,334,96,108,450,62,711,496,83,700,729
608,345,93,68,634,668,695,10,278,8,177,755
417,546,439,43,69,771,264,71,563,615,201,356
745,402,245,112,610,737,743,665,406,300,335,347
384,723,140,167,236,607,213,125,114,695,567,313
778,292,513,641,639,631,141,670,447,695,283,560
573,62,332,341,664,762,687,310,693,180,441,186
483,227,15,319,141,455,401,430,766,107,731,552
89,625,657,712,428,211,96,57,324,670,641,515
601,364,451,377,706,225,553,483,691,37,61,457
294,286,389,274,31,449,281,624,31,604,647,20
175,390,561,424,652,162,467,181,328,442,401,73
230,76,746,157,390,679,552,520,249,678,428,332
244,359,115,798,314,514,444,266,792,603,535,389
145,782,559,93,325,799,397,97,506,335,16,224
628,210,257,433,402,657,630,404,118,551,116,494
168,706,551,239,771,171,181,610,734,391,207,707
463,343,73,273,317,756,750,250,152,728,201,423
604,602,340,477,17,425,352,100,698,257,6,128
529,133,395,286,490,178,10,14,231,462,747,696
625,430,557,87,392,454,420,265,297,792,572,395
426,294,508,378,664,500,606,68,737,192,269,396
23,682,112,247,178,100,268,786,34,297,643,319
559,320,527,773,313,155,48,576,634,16,543,151
446,316,151,760,90,436,352,261,75,480,657,751
761,693,249,36,21,296,98,154,43,608,356,63
134,197,433,184,52,499,396,578,284,22,77,537
545,788,6,399,367,715,70,74,316,739,52,683
559,168,593,616,264,245,438,231,399,55,442,259
433,734,577,185,444,288,120,669,784,437,789,701
663,757,317,66,735,415,55,638,303,798,672,106
176,501,178,719,712,728,355,324,444,74,179,193
724,729,572,255,292,378,710,322,606,195,360,95
611,125,660,545,541,376,629,344,388,227,786,161
730,187,195,591,761,249,265,635,210,82,739,286
10,253,247,697,85,30,443,489,121,216,361,727
766,757,720,202,494,680,119,575,462,630,623,393
529,798,14,636,135,273,718,484,506,222,155,226
441,523,427,387,152,295,653,755,339,665,370,708
411,614,333,4,316,691,268,488,323,350,406,662
293,490,706,90,617,62,84,594,550,245,669,231
181,22,76,532,328,348,441,535,527,543,276,730
98,473,533,150,718,573,212,260,564,727,703,62
51,69,22,288,240,527,268,340,662,520,590,468
380,359,567,284,798,502,362,740,442,662,259,731
383,78,369,485,102,791,275,276,285,277,619,564
449,349,517,256,269,272,463,197,623,72,787,184
450,403,243,317,216,23,327,617,608,378,486,302
406,398,196,709,151,148,682,433,29,160,322,221
714,98,519,299,276,662,608,484,345,653,442,251
615,187,424,225,98,429,219,704,504,751,99,500
571,270,426,330,620,657,86,554,494,306,234,755
61,476,675,492,493,317,349,337,641,333,691,624
445,298,319,713,709,67,399,461,573,452,519,17
565,557,459,762,682,64,66,361,586,602,507,440
731,251,490,590,611,726,62,166,247,347,781,608
754,552,322,191,629,619,565,276,427,755,510,293
721,309,193,332,32,570,662,386,333,518,61,702
403,409,459,378,408,252,29,194,403,554,658,510
317,34,96,760,788,688,549,760,108,163,365,241
638,382,167,42,375,385,479,376,198,653,743,726
582,652,237,328,585,61,254,536,216,525,668,259
408,771,40,355,710,320,390,319,485,398,120,493
260,6,198,257,170,623,678,123,753,324,249,711
670,524,692,435,730,349,154,744,364,719,391,745
448,62,128,389,332,799,248,677,656,305,322,360
527,679,499,580,392,568,280,7,631,102,33,370
8,231,188,151,791,58,95,621,265,361,79,242
91,216,764,405,89,616,386,195,432,440,710,277
519,718,598,261,121,64,345,454,497,542,30,374
750,88,503,186,422,571,590,641,29,82,210,719
560,795,180,742,397,32,784,606,38,791,779,190
292,309,48,741,309,140,766,134,423,697,464,167
7,692,50,729,81,536,26,408,663,547,360,614
538,42,239,34,597,518,572,733,262,558,702,68
45,175,535,610,85,748,567,42,169,294,160,297
202,772,527,654,680,393,326,214,729,172,327,480
120,784,362,228,241,154,705,294,774,668,145,126
590,271,116,13,779,665,633,43,134,607,585,614
481,160,148,14,356,545,314,665,785,567,240,467
388,752,79,640,250,689,109,618,467,605,154,101
295,616,603,5,36,393,514,762,355,74,321,675
508,215,684,770,206,584,291,159,300,196,683,783
351,188,781,351,535,350,156,594,718,259,635,663
550,558,695,114,791,432,173,145,529,151,89,734
115,655,99,469,235,629,761,13,308,277,19,19
697,391,368,319,562,118,320,171,145,725,674,360
210,354,151,543,296,351,417,335,101,787,111,362
327,529,62,495,798,773,334,763,572,705,146,276
261,55,13,750,492,574,766,618,322,219,787,742
134,126,668,158,721,33,634,624,406,348,294,219
402,538,17,440,162,56,749,136,492,377,216,281
754,275,645,10,347,494,472,656,319,575,393,178
665,682,755,209,7,721,266,272,396,735,588,176
536,636,727,289,753,626,278,328,741,648,156,64
359,549,35,435,234,271,778,524,243,156,798,478
85,418,403,770,634,619,587,509,328,76,486,295
403,410,771,578,92,786,297,685,32,111,39,745
41,278,34,155,457,350,780,151,547,321,280,751
503,536,275,298,345,158,15,550,90,542,431,565
614,631,211,427,594,351,126,191,186,244,766,516
363,568,231,458,194,232,412,135,5,765,198,743
64,795,206,586,712,530,224,768,79,28,364,167
672,774,240,740,4,418,686,753,44,687,353,25
552,663,218,221,488,358,302,389,198,789,299,396
672,314,468,580,140,308,178,403,725,207,279,746
216,597,207,729,654,404,414,7,560,571,704,299
601,582,140,571,700,330,397,141,22,303,234,301
694,331,276,419,515,450,399,188,76,479,727,461
266,575,161,661,552,332,131,713,170,562,169,741
37,137,546,406,415,260,770,294,680,715,461,737
262,132,789,565,202,228,647,459,378,785,49,292
387,444,37,412,517,419,54,500,657,605,371,759
113,383,590,555,225,713,372,705,574,251,439,56
531,373,33,501,583,328,389,67,492,401,35,558
21,276,459,524,480,64,562,320,296,147,650,313
735,428,510,73,157,193,33,179,493,169,458,509
756,374,318,645,705,559,662,377,580,195,58,460
133,144,480,300,251,264,85,635,90,162,717,19
155,494,111,314,765,755,636,420,474,158,546,740
577,538,19,330,636,639,630,232,198,574,155,362
642,190,403,286,322,315,620,313,217,291,456,484
707,411,221,232,400,521,193,33,57,634,714,301
526,289,132,462,74,439,177,508,653,566,313,261
333,536,625,429,425,388,4,391,690,798,476,77
512,562,448,727,333,171,778,93,199,370,471,297
705,798,127,415,50,423,443,249,126,104,712,480
357,772,247,506,430,96,534,5,166,781,142,610
586,276,661,580,709,796,165,418,375,754,656,146
163,315,63,552,166,677,259,706,517,286,624,637
678,280,608,492,542,254,504,303,452,727,763,768
673,403,280,125,606,90,330,103,736,482,672,353
164,258,229,520,65,240,631,745,289,316,453,649
710,123,183,311,344,26,562,471,420,221,740,164
627,246,211,586,690,235,479,765,737,50,514,14
519,753,76,293,731,418,283,485,784,684,387,289
234,618,400,635,24,350,558,650,767,749,491,33
345,644,656,188,578,355,205,641,441,240,405,629
117,576,55,88,185,210,146,371,206,359,605,63
467,26,355,697,451,109,452,777,30,372,83,128
470,565,364,267,247,21,136,198,530,784,43,416
65,703,448,416,595,79,111,7,471,468,12,82
71,546,481,599,379,259,645,183,673,366,311,563
522,39,59,342,318,103,784,768,428,269,37,783
395,522,600,362,297,162,335,783,529,515,799,720
694,68,542,207,726,114,382,595,652,130,423,356
271,533,441,343,250,243,306,99,658,536,741,635
417,315,327,236,596,239,422,152,94,639,46,386
625,502,691,25,383,596,707,419,204,615,233,14
753,18,640,470,280,26,298,135,272,474,369,579
732,627,468,273,246,314,625,269,657,763,393,501
393,599,612,95,688,738,245,786,588,357,533,226
756,282,220,213,14,189,554,144,553,680,738,167
591,294,82,50,202,214,364,118,575,182,542,627
252,750,458,678,737,281,590,304,283,324,184,97
760,686,138,539,46,640,719,576,767,41,60,323
116,585,757,271,124,129,68,569,775,733,234,400
553,447,685,144,50,722,746,649,121,24,750,553
770,455,141,63,242,115,577,520,694,583,753,295
779,592,375,25,136,72,690,543,66,667,460,223
772,522,676,241,161,255,699,414,800,37,46,781
126,652,705,351,188,11,393,771,750,489,780,460
260,374,524,55,68,27,455,671,786,105,9,374
666,303,589,454,300,242,389,431,72,70,154,559
132,153,313,559,210,418,530,672,228,768,449,549
7,466,765,725,532,207,284,268,652,452,770,460
108,288,357,597,189,399,792,796,515,126,629,313
525,275,628,660,466,19,273,640,374,309,615,604
573,624,158,577,673,799,78,640,333,738,551,210
540,754,713,714,788,258,609,90,506,652,521,301
791,675,661,620,683,73,191,789,787,277,309,758
368,112,649,727,523,416,596,366,49,361,754,359
516,567,730,598,794,40,235,758,518,378,667,97
648,682,547,221,643,677,693,614,769,193,703,425
433,435,549,97,8,442,735,655,344,377,796,661
725,727,364,757,598,697,800,490,278,643,527,641
420,517,49,84,54,225,206,717,70,585,495,252
403,2,408,760,123,45,213,474,325,55,518,30
799,388,704,545,248,779,525,453,162,660,379,734
292,211,458,344,663,226,148,346,250,64,784,777
448,341,68,490,177,185,96,54,61,17,406,153
223,779,495,178,707,743,12,751,232,60,66,793
24,165,271,510,86,653,29,213,131,179,685,433
795,623,256,190,248,309,609,660,599,618,666,478
90,322,530,281,254,150,364,280,734,620,285,344
437,311,726,87,444,374,500,590,624,345,696,619
674,751,233,182,603,355,446,114,636,556,233,677
231,166,581,774,484,319,194,307,77,217,72,375
517,46,344,525,403,225,94,408,667,418,263,473
660,732,47,436,769,155,124,322,654,425,67,27
668,743,380,761,146,565,397,101,753,565,131,85
153,50,573,244,261,146,268,163,273,573,795,592
548,231,716,497,628,481,366,15,70,165,373,26
455,786,522,252,2,644,251,658,146,592,489,574
387,351,693,715,492,719,702,708,236,595,185,180
585,653,319,445,561,353,104,769,757,539,480,502
136,95,714,363,188,253,449,569,460,74,401,733
626,437,729,27,555,685,263,430,290,56,542,218
574,562,65,740,330,665,610,573,717,523,675,259
638,657,251,504,466,85,711,323,595,558,562,199
149,631,223,680,53,558,347,686,461,721,727,354
800,185,746,625,257,346,214,520,556,686,510,275
656,228,748,684,37,504,749,745,372,232,442,334
161,540,439,95,66,184,114,169,466,484,146,514
52,533,526,455,449,94,468,453,520,198,330,116
222,788,426,93,59,543,601,444,580,600,553,331
145,76,273,272,92,606,418,668,562,776,331,640
91,360,67,7,192,7,573,42,506,187,686,746
523,420,606,597,575,171,301,705,730,257,295,243
402,374,179,212,509,787,492,500,682,613,378,540
664,226,548,211,682,347,746,134,296,237,583,515
260,16,772,666,236,331,343,67,120,631,665,259
361,203,255,755,574,275,335,275,266,228,394,274
246,113,691,759,717,679,480,441,677,467,222,680
202,688,634,136,666,660,794,767,286,69,642,531
730,407,393,428,121,455,518,757,663,444,50,748
485,223,173,184,73,322,580,467,575,35,343,147
15,131,97,765,795,493,396,53,21,322,527,629
405,592,423,629,221,26,186,375,481,336,546,440
770,509,351,701,717,130,408,129,78,704,358,95
279,788,38,142,664,622,364,741,354,656,669,27
518,634,356,13,534,454,516,200,137,450,102,131
398,465,128,203,46,257,282,756,362,297,153,613
783,81,406,183,209,39,329,742,559,11,309,345
774,716,474,541,398,498,724,377,483,710,612,386
718,11,784,759,745,312,278,270,565,280,792,376
123,274,86,727,6,770,590,510,253,538,32,349
146,334,465,75,434,397,90,624,57,161,560,211
645,734,443,239,344,122,785,463,438,742,168,81
106,576,321,145,793,108,40,496,674,764,57,659
659,643,206,589,3,609,244,574,427,683,360,251
275,164,701,587,333,363,168,370,696,329,96,518
242,563,611,103,664,776,250,531,743,241,309,779
538,62,67,52,559,487,72,484,786,737,66,721
676,29,189,96,194,225,782,780,506,399,482,2
708,752,140,760,169,575,596,64,586,286,521,487
211,191,452,646,702,692,720,576,148,82,435,56
309,367,642,683,208,3,394,704,90,203,251,503
199,557,550,281,750,396,438,309,793,587,45,3
399,621,787,333,113,71,379,65,434,516,261,313
422,657,144,288,372,666,28,628,600,362,161,2
673,428,62,382,756,336,748,451,620,170,14,12
315,594,222,517,787,165,609,800,110,230,374,787
644,417,613,88,333,222,703,382,193,420,411,200
291,474,68,609,84,680,223,70,195,144,333,474
102,484,422,535,261,351,172,307,610,608,215,420
652,796,78,425,81,150,524,607,374,775,497,568
236,578,646,513,628,777,9,508,354,565,615,465
203,745,640,634,41,544,297,598,94,481,678,727
298,530,50,626,401,57,544,662,107,365,135,681
130,12,563,416,229,690,585,754,286,443,234,66
493,449,63,590,695,27,255,200,246,294,336,679
453,373,164,301,611,93,506,556,603,507,293,49
565,403,525,530,168,668,338,77,464,491,47,50
735,578,383,296,655,632,505,61,594,90,630,233
210,15,80,249,394,563,797,215,41,98,142,604
750,457,331,616,778,449,531,701,313,411,316,438
34,471,23,198,534,330,433,128,138,722,314,59
276,476,490,197,447,82,639,141,113,182,232,528
603,128,248,403,779,565,435,80,8,557,61,372
114,502,528,274,57,32,662,724,767,234,212,340
680,478,444,720,737,165,541,453,266,747,188,116
766,392,186,349,540,396,619,146,138,228,372,231
144,581,361,285,262,259,84,565,106,768,155,309
245,574,757,287,602,221,270,612,313,492,24,293
583,717,134,171,123,144,255,682,400,246,489,206
62,181,765,12,716,129,521,658,481,764,360,189
225,474,723,29,263,136,128,3,472,520,663,776
264,196,557,608,744,438,640,22,472,296,375,572
173,273,445,264,303,213,164,131,16,617,734,691
522,149,77,494,344,507,546,491,771,761,301,239
215,294,519,667,763,151,336,469,414,280,302,271
188,536,271,504,317,471,109,669,714,188,745,206
497,627,796,782,598,482,606,142,490,157,377,659
590,642,98,11,438,243,443,388,563,369,564,713
329,143,606,406,385,43,122,768,348,300,3,404
762,672,374,388,654,481,388,275,418,606,490,136
115,73,32,505,455,509,143,298,599,18,196,423
327,580,753,150,160,402,515,453,261,498,64,148
425,751,326,323,739,512,101,408,717,515,792,264
587,404,330,438,287,280,447,306,320,683,225,754
545,657,517,738,134,202,222,163,750,301,657,566
495,337,622,570,106,506,54,749,2,152,731,378
540,39,688,240,611,520,779,647,125,227,657,776
717,774,244,608,140,121,447,566,127,240,721,764
333,430,622,229,59,180,198,351,653,327,455,420
294,668,418,5,493,512,705,245,452,386,298,658
436,511,172,554,337,420,635,690,548,362,668,503
748,123,773,507,68,477,701,475,97,455,494,298
622,463,127,654,137,717,704,580,556,469,674,476
381,490,355,433,518,363,351,554,400,47,381,350
396,471,129,750,157,639,633,625,387,280,412,307
22,24,392,254,481,495,230,198,109,14,263,455
564,7,347,741,516,598,171,110,167,513,511,782
159,207,123,756,502,716,667,615,604,91,653,428
607,605,209,713,281,36,332,468,678,119,103,335
768,149,591,778,671,769,384,213,335,223,242,45
374,436,529,437,58,503,469,658,733,759,393,238
123,171,383,419,408,346,100,354,491,516,50,706
455,433,359,604,719,413,118,15,360,634,556,105
388,738,171,670,297,555,452,749,428,510,464,797
352,160,480,46,215,36,291,58,472,208,321,67
32,60,364,273,574,526,126,71,373,405,636,115
91,631,434,290,584,473,681,49,374,73,454,220
239,172,658,210,690,697,282,79,348,177,263,124
576,615,557,786,97,213,798,390,58,250,23,195
726,742,259,430,88,727,32,703,388,784,361,7
646,231,594,526,593,227,189,234,179,576,526,484
218,598,41,711,411,402,445,538,70,563,190,161
8,654,178,2,279,506,66,771,370,390,228,648
172,113,367,750,473,416,535,318,73,9,287,34
535,289,741,647,502,717,200,195,528,6,321,618
582,104,606,733,383,45,411,75,211,211,187,401
371,346,556,740,180,311,345,640,328,386,398,359
359,309,268,730,247,729,523,724,213,16,92,417
403,153,701,666,29,569,716,2,55,9,208,430
48,18,385,733,71,662,656,87,193,538,537,309
51,304,6,211,725,754,343,689,119,387,566,98
306,522,281,201,739,681,236,368,4,508,203,551
630,221,163,782,780,436,517,134,129,327,254,484
2,6,189,790,708,800,72,563,698,651,428,347
599,365,686,791,322,610,680,188,418,143,174,558
687,140,65,105,184,35,309,267,132,430,515,202
484,399,364,132,581,72,339,799,121,311,682,171
633,405,338,711,575,108,396,258,575,23,621,599
744,555,35,435,759,743,24,457,134,414,740,439
256,481,640,268,651,189,628,223,624,242,781,607
792,446,644,145,9,245,507,284,172,23,434,410
180,365,285,541,390,527,557,590,30,468,44,113
42,103,147,464,457,167,48,477,487,173,672,659
188,169,25,596,225,561,211,324,428,465,359,786
530,291,508,290,365,136,66,311,436,522,419,788
383,353,653,240,539,25,755,93,374,558,14,290
90,572,249,564,545,56,638,464,567,760,420,725
152,471,237,631,799,327,275,417,543,611,707,450
110,771,147,310,65,56,183,414,29,58,452,426
353,730,742,146,598,376,236,310,494,387,248,56
699,94,4,455,75,240,40,104,537,449,225,199
646,579,381,555,145,221,517,311,117,771,315,263
109,165,558,364,561,354,208,610,588,414,579,643
49,463,734,658,95,702,168,339,601,567,342,647
536,41,54,495,80,290,175,499,489,757,523,267
242,628,512,133,135,162,611,764,729,599,261,212
444,411,612,634,727,54,493,722,593,506,773,520
550,346,430,345,404,109,120,795,292,163,544,107
321,650,789,442,213,109,487,653,101,210,455,484
496,487,381,705,133,194,653,540,409,33,550,428
77,439,633,537,288,264,777,520,450,225,83,86
411,127,585,10,110,721,766,703,762,203,695,533
103,185,151,127,793,711,476,641,60,98,743,57
707,380,302,648,39,395,97,713,474,282,204,569
586,601,259,446,286,687,735,625,662,229,381,450
153,402,116,367,27,324,483,692,435,663,625,7
799,626,639,89,320,489,274,51,744,264,115,739
199,599,301,34,28,629,361,549,219,466,32,407
197,272,674,782,54,695,719,454,537,615,393,70
326,706,682,647,552,501,147,684,187,163,407,378
674,743,565,200,556,678,708,227,438,784,632,213
137,629,377,224,417,220,592,359,704,441,515,461
357,111,157,298,741,735,764,190,336,51,694,561
79,523,531,323,762,96,380,65,244,384,756,607
339,88,98,344,488,494,75,398,766,375,78,36
475,238,455,745,162,441,98,582,263,612,620,797
646,793,512,607,740,58,741,485,726,531,540,190
339,470,676,201,87,116,5,619,374,198,35,104
164,533,300,398,748,294,524,673,4,477,165,63
713,10,484,319,291,40,371,452,430,598,29,40
761,411,698,82,697,709,396,155,652,100,73,737
400,302,614,315,765,564,530,658,36,760,5,384
224,679,83,269,675,650,183,438,437,448,277,314
151,455,543,259,303,7,464,295,538,617,682,563
241,779,614,236,466,572,258,664,466,608,545,290
774,453,128,583,590,306,558,158,573,462,141,533
345,284,657,785,25,141,530,86,196,224,266,310
163,72,317,272,596,299,724,496,670,106,538,665
315,188,609,183,754,665,187,516,611,582,64,95
151,324,101,549,476,569,465,476,90,531,179,633
611,419,729,660,130,664,512,779,25,130,276,132
