404,416,435,353,422,381,408,339,337,454,443,319
463,282,488,479,431,392,381,280,345,400,491,566
348,517,520,364,343,419,457,344,460,591,488,373
458,406,362,536,390,559,420,486,484,341,425,338
434,448,329,316,413,290,437,404,479,428,501,494
283,413,376,469,331,398,381,315,368,467,289,355
348,486,254,378,474,412,384,303,386,305,469,484
466,419,376,350,341,328,431,254,417,340,422,406
456,402,515,453,389,339,274,362,386,457,495,439
314,368,390,211,413,438,431,401,313,451,394,340
188,485,372,423,445,493,342,289,538,326,528,388
496,442,468,441,381,427,362,289,310,475,489,501
314,445,338,455,406,500,469,409,407,455,344,549
413,459,483,412,433,517,319,484,431,296,429,454
427,364,426,434,426,355,567,269,305,296,349,571
365,289,256,295,510,477,420,414,256,359,543,510
288,432,467,495,449,254,365,314,261,313,417,469
422,385,264,362,501,412,380,496,407,456,397,304
425,340,421,358,366,446,405,414,398,482,484,327
476,440,426,369,391,374,311,384,463,368,390,345
330,393,417,319,403,307,467,431,456,499,405,417
416,310,348,408,436,529,457,416,450,508,445,545
508,322,457,460,483,321,445,296,313,278,327,358
456,240,460,526,378,346,443,491,322,426,330,375
486,441,472,379,379,358,521,508,497,386,466,460
335,410,440,371,343,380,340,404,402,484,280,365
392,360,351,284,408,355,508,451,429,387,597,473
428,382,369,506,440,567,434,445,430,329,507,561
402,346,390,370,367,402,354,416,393,446,367,371
417,332,415,295,453,370,233,334,381,399,412,284
376,386,320,414,423,383,422,435,336,376,361,360
468,394,504,492,364,473,397,487,434,407,308,464
281,463,456,281,524,424,441,406,362,447,507,394
350,495,324,275,420,425,462,382,362,464,315,287
429,430,321,338,306,476,458,411,419,515,291,450
280,392,334,444,382,434,356,398,455,541,516,503
503,477,526,361,412,433,473,371,564,237,415,389
505,359,319,296,366,447,371,395,325,434,345,496
596,490,532,334,394,434,408,459,285,468,471,474
244,447,397,403,398,449,261,427,391,285,461,356
508,415,450,258,332,487,236,503,432,370,333,314
525,503,488,293,475,415,344,384,417,362,526,354
323,508,455,431,397,424,404,490,499,348,359,643
400,388,443,373,438,378,465,466,456,342,397,561
335,385,417,545,466,454,402,328,489,359,395,463
241,326,439,352,431,414,448,361,427,414,324,336
497,253,445,425,374,437,349,406,394,469,476,391
398,447,408,388,395,310,340,621,428,425,329,427
375,420,503,445,499,397,466,290,345,512,379,413
471,411,387,269,364,304,444,413,295,415,581,444
283,454,558,289,322,375,416,342,509,313,407,416
299,404,448,410,333,459,418,524,478,438,424,550
396,420,521,410,393,418,388,242,426,409,503,508
300,458,465,427,440,461,368,550,476,296,405,370
468,433,491,349,410,414,420,270,331,439,409,318
434,509,428,282,565,417,410,431,446,316,443,427
349,522,355,407,345,402,278,475,301,283,545,378
435,341,291,420,504,434,457,438,395,323,602,408
385,421,548,273,584,420,455,372,528,324,513,474
401,336,380,395,400,469,290,407,509,280,310,469
450,365,439,357,391,435,370,544,276,342,393,436
426,464,355,340,475,320,462,380,356,458,296,330
460,364,483,527,524,496,490,344,496,483,418,271
387,546,399,370,386,453,446,391,335,408,295,475
456,472,500,456,366,323,475,336,605,340,376,355
486,361,336,500,313,481,271,558,452,447,456,234
270,431,344,409,469,520,627,474,308,360,400,386
373,432,314,500,416,271,274,374,438,437,410,303
346,431,512,336,417,329,511,466,457,406,469,342
458,301,343,319,455,369,449,333,412,370,419,411
476,354,319,377,485,474,408,465,331,375,270,371
529,297,410,428,327,413,626,336,455,416,329,437
452,446,497,330,452,380,442,425,432,486,443,349
307,345,362,397,351,381,435,431,323,441,443,252
439,349,528,405,426,429,355,408,465,353,436,512
449,544,390,282,490,401,351,251,409,296,533,473
478,486,367,345,515,404,364,355,420,480,397,470
435,486,276,499,334,374,339,336,346,303,447,304
331,480,322,381,415,349,303,439,476,396,395,410
357,348,219,412,550,355,429,564,426,369,352,326
511,514,441,417,265,487,326,468,475,436,335,384
432,343,363,387,396,417,322,359,451,314,453,441
314,416,532,481,349,422,224,372,521,249,413,271
337,416,475,423,421,452,430,508,392,308,485,489
518,486,468,380,415,355,563,488,225,452,402,439
428,414,452,455,476,362,504,491,456,360,434,490
325,421,408,430,465,476,558,399,516,522,390,397
388,444,391,340,348,480,356,422,490,412,473,480
484,428,437,487,417,392,402,448,446,374,297,464
401,506,477,602,349,264,433,489,428,453,363,313
446,344,343,372,425,417,498,468,428,401,376,478
406,374,423,474,442,540,302,360,406,319,299,551
343,339,498,356,449,559,334,464,376,474,371,400
449,486,458,518,406,449,380,365,494,428,429,444
400,403,423,332,410,555,418,397,460,252,407,534
368,394,323,413,529,460,357,370,436,459,516,420
412,495,473,452,281,447,504,311,322,514,469,482
316,353,396,387,401,390,309,525,337,400,437,274
304,355,331,438,389,436,394,454,394,469,326,380
441,410,510,480,357,363,476,475,385,452,318,407
344,420,377,459,397,457,488,488,496,399,582,395
395,441,448,430,443,539,461,439,498,496,433,422
399,235,379,453,502,405,430,375,479,445,489,407
389,346,366,371,330,418,520,332,322,382,452,263
417,318,484,353,539,349,532,457,409,329,434,428
528,432,384,294,424,424,431,525,427,380,458,551
381,345,512,538,491,457,455,335,375,474,201,400
309,508,282,495,474,362,289,532,430,419,347,269
340,424,476,466,387,323,444,358,378,380,407,431
289,363,383,474,406,503,453,456,469,446,496,391
417,493,396,478,331,376,421,336,328,477,373,482
301,503,417,525,435,549,384,295,477,307,545,352
528,426,272,416,372,448,519,386,293,369,343,472
350,406,358,407,338,358,304,464,380,441,473,280
371,428,545,346,405,317,449,529,326,535,434,450
459,288,303,375,391,364,501,351,351,417,378,342
537,438,495,388,336,428,492,322,370,348,320,513
451,405,476,471,444,459,592,317,424,445,503,429
395,507,435,462,430,462,288,479,444,395,463,521
340,350,418,365,462,517,469,402,330,385,549,329
419,480,352,298,564,511,484,470,448,380,518,451
470,251,354,383,386,340,472,416,279,411,429,405
369,511,366,510,367,414,358,420,502,558,443,511
363,418,367,421,325,439,362,465,382,424,373,485
426,433,589,384,509,415,418,357,419,347,375,247
464,343,474,325,294,425,428,473,389,302,429,488
417,523,496,284,372,412,292,264,539,442,452,566
412,440,433,440,326,456,518,416,438,287,420,495
422,355,341,484,421,252,369,448,374,437,379,429
300,333,470,499,468,490,325,354,409,395,519,332
486,416,314,332,312,452,412,284,374,400,560,453
497,390,402,334,358,427,479,542,319,287,431,345
529,356,392,403,522,431,445,374,454,240,358,484
254,261,428,531,354,328,471,425,433,325,296,474
545,467,460,506,387,262,416,429,432,419,519,295
309,404,421,507,492,452,537,375,222,389,415,371
477,299,500,281,317,360,340,481,463,359,388,421
499,433,409,324,370,413,497,280,499,543,325,277
434,631,434,421,447,428,544,314,399,362,492,402
342,495,308,398,444,400,338,435,420,267,481,498
558,249,329,492,489,386,358,552,540,429,397,357
351,502,378,446,383,306,363,314,348,531,415,414
247,373,473,365,447,337,315,298,361,519,437,386
420,466,357,432,345,421,368,386,365,344,432,271
347,339,347,504,354,353,430,408,276,479,406,411
493,387,290,468,538,373,412,456,385,504,402,470
574,322,359,418,339,403,430,446,281,338,285,418
457,404,401,439,434,334,313,388,578,432,460,429
489,438,330,454,478,408,359,395,453,433,406,456
442,314,471,508,492,268,472,383,503,286,378,391
433,416,538,339,415,461,434,593,383,463,416,370
397,289,556,417,342,350,398,512,453,326,412,331
375,356,446,530,469,389,417,408,417,465,257,466
377,295,435,477,352,372,360,326,292,347,419,371
307,362,380,596,474,424,415,371,384,313,385,417
384,541,321,464,312,519,395,458,477,413,344,320
373,467,429,415,498,440,450,407,457,510,427,412
438,351,522,305,462,490,427,345,466,480,323,291
352,320,617,412,478,562,353,400,502,451,492,494
391,451,604,417,260,366,369,449,516,335,390,415
530,334,492,337,529,520,244,342,355,369,446,433
366,401,318,445,467,498,346,505,375,401,469,265
465,404,397,498,414,515,300,499,420,337,374,421
332,396,310,546,300,289,417,419,315,351,426,403
414,538,578,512,417,376,532,390,519,301,452,401
391,205,431,408,412,416,366,376,346,319,294,251
545,481,490,456,516,416,356,405,505,496,493,439
412,458,312,354,442,301,312,558,397,474,381,440
443,290,387,368,356,309,358,452,276,498,529,441
366,489,490,196,388,394,423,401,466,464,460,483
505,509,408,489,441,251,361,396,351,380,330,361
483,589,405,537,427,446,450,431,282,358,407,456
401,425,544,491,376,431,332,477,415,427,417,356
318,400,389,437,437,401,492,397,449,278,465,433
451,366,355,462,431,482,344,365,410,605,321,370
412,390,456,369,403,299,407,399,371,433,537,397
453,422,398,417,345,442,441,414,505,393,308,419
395,433,355,325,403,551,366,361,400,322,239,333
444,371,542,501,424,409,457,474,485,392,478,462
428,291,451,388,405,309,468,421,335,378,335,399
324,323,494,470,480,394,360,367,412,321,523,328
414,283,439,342,521,345,434,262,421,279,389,511
463,438,243,340,522,383,318,252,372,344,474,315
406,336,385,488,442,432,446,467,443,367,472,337
233,264,478,384,391,374,353,413,272,422,455,342
344,323,450,398,456,414,445,510,388,348,378,303
316,312,397,429,344,340,439,359,256,428,426,277
490,432,176,383,464,499,317,358,580,392,298,483
438,546,416,312,501,487,491,420,485,622,571,510
478,491,400,393,341,413,546,389,396,436,594,477
343,330,388,348,415,245,472,390,324,510,438,414
452,424,461,543,529,462,442,435,360,442,420,466
514,336,339,444,180,256,444,597,427,404,462,342
401,442,309,488,544,433,435,492,530,296,365,519
440,479,370,321,464,413,418,312,306,419,362,458
355,392,538,491,342,520,449,444,334,346,433,414
500,585,417,463,332,375,378,506,451,507,450,335
379,430,326,435,317,370,370,382,329,428,402,440
373,347,421,454,397,324,542,350,408,328,381,525
415,435,386,544,434,517,331,325,344,453,536,298
335,430,427,403,420,260,388,479,432,529,461,392
438,419,392,471,495,459,443,503,540,479,347,367
299,340,462,509,416,526,367,493,299,403,492,437
501,439,476,306,344,366,483,552,412,477,459,596
580,440,481,406,440,397,300,326,513,512,403,373
370,345,466,397,460,432,508,328,449,395,417,518
536,541,467,492,482,398,336,354,417,385,435,398
379,558,406,526,413,444,405,470,410,381,370,419
449,367,381,427,372,382,412,380,439,288,455,413
450,309,364,440,502,298,507,271,396,407,355,438
523,511,438,349,280,366,367,492,426,355,276,425
423,481,434,422,354,334,482,272,417,447,438,543
391,406,228,524,404,393,437,408,402,403,416,441
391,329,509,449,512,355,371,287,370,465,289,445
449,410,456,485,434,400,458,456,309,502,616,410
434,233,397,480,273,454,361,372,338,473,423,349
432,333,581,439,407,565,489,303,431,443,465,363
487,404,439,380,436,448,599,367,434,490,489,443
439,283,318,364,377,372,374,543,360,319,412,272
417,530,550,398,455,397,512,486,466,428,258,405
340,499,408,408,441,347,288,375,397,380,366,407
362,416,376,447,440,530,524,305,363,472,382,421
345,297,519,393,301,443,381,345,425,409,364,486
415,463,574,502,389,403,312,326,564,512,307,469
416,346,341,363,443,274,240,309,480,438,381,423
425,343,478,235,237,450,456,383,379,542,332,373
339,453,539,268,572,346,401,361,268,445,319,523
390,551,570,459,392,381,369,385,472,489,461,487
393,350,432,306,326,341,428,421,397,439,433,438
288,448,416,466,319,471,536,302,539,432,350,575
358,356,398,387,353,219,339,368,315,402,352,486
500,366,352,400,422,300,414,406,299,450,337,515
283,412,385,356,501,439,468,530,354,421,313,387
357,460,364,376,427,315,305,528,475,424,400,377
520,356,509,541,392,401,443,405,447,290,420,364
457,407,531,500,481,435,521,506,349,493,424,510
438,379,439,351,511,438,395,394,373,405,446,478
406,417,365,360,450,437,394,347,436,459,447,383
321,430,418,449,526,462,431,353,256,334,461,504
384,384,500,428,479,443,343,586,403,293,437,243
314,497,397,391,451,315,361,365,462,480,418,429
321,465,521,498,363,379,452,465,503,375,383,407
300,410,383,496,468,323,387,552,236,345,487,323
415,360,386,463,335,407,563,372,443,517,359,468
471,331,354,586,389,478,404,380,341,526,389,418
409,452,485,466,442,439,528,422,296,400,361,400
504,330,341,366,351,383,486,526,577,417,419,487
367,373,445,447,311,389,486,489,482,478,442,395
375,347,468,588,423,407,389,339,550,464,431,396
484,474,498,446,479,399,492,339,432,345,288,473
448,578,491,395,350,443,390,414,353,454,477,466
418,392,451,332,397,365,436,535,306,416,387,382
574,445,334,396,506,371,402,433,443,382,417,343
343,345,497,322,345,379,382,474,294,310,323,609
324,463,377,369,331,440,502,345,469,506,438,377
383,418,371,354,365,479,350,354,441,312,264,422
411,491,438,527,383,516,583,408,394,468,401,495
346,534,411,605,414,482,383,336,442,468,313,509
404,350,443,277,519,520,419,489,257,426,414,454
488,541,378,395,458,412,409,358,561,306,316,469
381,451,555,471,234,477,430,488,383,386,338,368
506,486,391,392,248,342,379,360,485,467,263,428
382,319,298,440,437,427,459,547,503,403,444,479
273,345,433,418,334,513,422,411,311,385,398,425
496,321,358,381,551,386,448,382,421,481,431,378
528,426,432,366,546,346,435,328,339,633,597,314
371,556,480,524,376,537,484,453,480,414,344,491
460,283,487,396,396,318,420,348,448,376,411,435
315,447,343,476,492,225,415,348,331,355,427,334
222,440,429,268,456,485,426,431,401,410,395,435
434,330,480,430,450,465,461,372,378,450,357,478
447,470,349,381,316,335,534,375,473,607,407,279
457,368,349,497,419,275,442,441,469,236,479,503
341,525,453,382,425,479,486,374,279,568,320,641
423,444,368,345,330,469,512,434,471,484,426,325
529,480,346,554,304,549,342,457,484,335,473,349
464,337,387,345,498,446,464,372,550,406,325,487
346,447,474,436,548,360,388,452,372,394,379,408
423,335,368,481,439,335,517,334,573,444,368,478
389,439,434,439,524,467,473,168,576,410,470,375
569,375,420,389,466,273,381,387,239,352,481,394
474,421,469,355,538,512,399,386,493,446,280,241
413,401,487,386,471,428,421,334,434,526,425,426
417,358,437,510,405,346,355,361,397,315,516,411
363,441,515,274,370,390,320,502,483,461,383,402
318,447,354,430,479,422,461,368,561,360,350,440
460,376,369,346,309,351,433,460,392,368,426,495
456,352,434,390,420,435,386,342,601,358,442,312
432,399,358,490,412,326,512,553,450,432,513,387
511,492,499,452,497,332,488,445,506,382,385,441
443,625,506,460,461,410,451,328,558,347,306,378
426,272,476,403,515,451,432,457,376,501,450,362
288,422,405,350,411,366,444,495,434,417,404,387
460,395,396,538,399,367,621,397,506,479,276,434
392,422,500,549,436,298,403,550,367,304,440,454
322,490,537,412,497,437,351,448,328,371,441,410
393,458,357,334,485,276,535,386,366,406,365,360
469,512,416,371,370,349,463,441,487,448,288,437
260,324,343,471,344,426,333,358,310,477,386,469
324,387,457,340,422,375,386,415,358,327,582,393
432,434,336,399,466,532,430,372,501,435,430,436
426,465,450,343,495,486,455,555,566,524,505,381
476,344,394,382,323,346,425,498,374,431,486,490
343,498,326,361,476,583,411,424,362,396,570,414
460,396,488,395,388,412,309,307,499,428,454,263
547,471,458,298,369,489,243,458,415,484,489,352
377,389,432,429,577,490,228,339,433,510,441,266
373,510,307,468,431,300,402,336,339,416,451,328
449,580,431,405,325,573,482,519,390,512,472,358
397,238,419,383,363,411,268,519,480,584,431,375
358,334,414,486,279,433,434,577,230,310,411,461
415,430,485,455,280,536,459,416,395,400,426,357
491,448,383,444,312,395,432,333,358,468,530,396
385,459,442,487,377,353,347,410,388,442,442,340
395,403,383,330,309,388,591,528,204,423,448,430
337,409,320,224,492,418,343,482,499,416,438,447
479,584,573,428,482,334,422,384,394,297,555,474
543,523,269,335,483,554,424,458,536,480,312,335
376,312,433,544,379,481,420,512,451,354,394,409
488,298,515,471,390,427,424,556,422,447,153,409
493,338,411,318,574,336,516,457,319,402,459,265
498,322,493,339,258,370,336,295,408,326,225,395
439,398,316,376,359,433,374,415,343,374,337,420
224,297,521,386,551,485,454,367,534,346,284,324
477,469,372,421,429,380,302,454,423,528,426,268
481,367,449,525,261,438,524,295,356,261,519,396
503,392,635,394,459,426,339,345,441,360,290,375
379,526,397,418,352,305,336,569,524,430,497,305
491,265,410,309,446,387,531,328,281,355,398,335
379,513,427,434,449,414,362,292,427,417,385,433
409,485,371,481,416,383,500,356,417,319,404,392
356,330,337,318,515,498,234,361,440,375,474,543
367,390,469,469,425,413,398,528,477,585,420,371
368,441,506,392,341,398,360,389,471,520,496,345
442,415,378,383,341,291,379,358,392,292,261,478
464,384,587,484,456,364,377,354,295,359,313,281
491,360,427,486,452,492,310,502,412,372,572,355
309,420,529,408,431,371,411,438,371,452,414,536
419,346,442,522,389,432,454,353,509,358,589,382
431,422,342,388,350,169,461,410,293,478,464,494
477,381,297,429,458,404,441,331,494,416,490,424
418,322,438,387,384,510,490,497,381,407,381,406
385,362,468,457,437,400,470,323,392,334,431,420
407,235,415,428,480,278,417,334,386,448,298,395
306,430,327,353,390,364,533,341,443,359,363,362
518,481,361,511,337,287,414,363,385,351,290,471
392,527,500,481,334,441,368,342,343,318,339,438
435,463,352,517,535,429,544,411,452,292,399,385
344,419,457,446,424,419,390,279,432,484,313,392
417,419,393,355,499,456,410,383,325,372,537,383
290,462,573,337,453,407,507,309,353,561,421,460
471,456,432,384,339,358,468,339,447,384,393,514
426,373,425,181,435,450,489,476,349,487,491,315
445,403,327,371,543,424,453,514,515,355,397,362
468,330,522,455,453,431,398,341,599,304,209,392
302,483,537,397,432,502,445,397,373,455,256,414
427,421,435,362,260,266,391,485,438,251,391,335
382,465,403,437,375,451,343,447,375,355,316,348
516,400,443,489,307,494,467,487,373,414,384,373
400,495,297,453,362,490,343,380,436,430,488,349
359,491,393,385,407,389,458,350,448,459,409,292
266,387,542,414,500,513,377,387,578,450,416,376
317,356,433,347,414,361,353,474,478,331,364,434
456,443,502,580,476,451,427,300,401,317,375,392
310,482,488,272,540,304,273,477,367,264,317,344
398,261,409,425,412,205,432,401,401,391,363,435
371,412,429,264,323,326,454,298,496,461,441,403
554,387,354,407,339,395,396,240,266,337,463,413
354,385,470,491,378,300,347,362,276,443,248,372
366,543,446,517,387,369,391,490,316,404,353,385
540,569,442,300,349,372,400,381,440,540,445,479
419,434,318,472,519,427,282,556,501,511,563,393
401,447,491,344,307,507,358,505,471,419,413,525
489,468,297,328,393,580,477,540,440,366,489,370
350,527,530,475,418,436,512,453,309,566,334,464
303,431,421,544,394,416,517,423,426,260,500,471
274,450,499,479,436,428,391,267,511,357,416,336
369,470,399,352,472,460,421,320,483,381,369,514
560,481,405,315,420,276,394,401,317,410,388,253
463,213,512,307,390,465,385,293,338,436,527,338
427,427,505,213,389,412,331,524,441,506,342,448
382,401,384,266,323,334,470,352,379,384,240,451
329,470,404,353,333,452,377,371,488,450,423,487
332,358,263,383,521,332,480,367,405,456,458,318
474,448,434,319,282,509,404,526,424,470,467,411
580,444,450,395,484,448,376,402,515,319,540,327
566,382,336,523,432,524,388,325,398,492,347,399
332,422,366,432,535,351,448,436,342,305,368,327
300,380,417,336,325,526,341,317,352,411,387,558
477,303,404,497,331,386,424,417,363,355,483,414
436,355,374,463,452,543,532,419,418,316,505,417
416,333,331,348,539,386,468,374,299,554,487,456
304,480,458,441,350,432,432,451,473,442,342,404
322,369,416,406,418,473,391,301,449,496,418,358
448,555,583,434,425,512,243,316,372,354,428,345
357,269,370,426,552,436,453,461,442,337,464,553
383,532,499,443,399,310,249,315,316,542,382,287
398,417,541,427,407,480,442,449,332,429,346,502
354,370,241,369,306,311,400,542,486,387,258,426
426,474,375,432,468,336,386,319,448,310,333,383
314,423,326,394,503,566,332,350,305,333,474,349
448,466,418,501,463,392,363,370,395,360,211,329
525,444,419,479,370,446,478,313,496,324,413,361
249,594,512,435,283,454,456,322,291,348,420,337
493,200,390,378,306,456,400,466,563,471,365,396
308,411,282,432,433,500,377,647,334,312,436,460
498,329,416,424,287,391,320,416,413,374,375,281
431,421,610,396,480,281,353,336,377,305,365,415
399,457,485,517,427,443,500,437,565,416,421,366
492,483,382,482,188,405,451,381,345,406,404,509
329,380,471,394,368,449,349,464,319,303,356,505
457,373,362,480,379,413,598,480,493,414,465,541
424,465,528,314,428,529,348,497,402,318,318,284
398,420,400,352,383,380,529,374,314,436,571,401
404,346,504,389,461,418,428,332,324,413,335,393
532,374,399,513,425,437,370,418,555,377,255,321
325,417,416,370,460,444,452,397,507,476,515,414
377,481,361,508,502,424,396,401,257,520,295,440
366,407,476,411,462,477,425,473,346,310,409,400
425,384,461,415,389,461,312,464,444,314,431,458
476,332,435,386,528,279,430,453,450,332,463,419
420,400,376,267,373,488,404,409,436,485,440,332
479,426,396,526,433,336,462,379,375,435,342,537
429,302,332,441,376,433,354,431,378,377,406,501
285,358,350,365,427,372,420,394,451,367,349,372
393,381,392,487,435,450,428,368,378,365,442,376
328,579,499,412,439,381,463,535,405,422,378,507
256,506,406,417,352,372,431,254,405,397,354,398
298,353,297,396,290,369,451,438,396,481,382,400
366,522,329,483,464,426,506,431,490,449,285,365
542,437,343,436,425,563,296,408,416,327,466,390
290,341,481,396,493,393,422,483,470,400,411,376
481,232,436,493,344,495,561,372,300,451,383,431
431,405,394,338,506,511,426,413,438,541,497,402
490,406,328,367,446,282,363,463,366,479,264,358
365,416,390,389,376,405,399,425,363,366,379,324
478,519,348,386,445,351,379,414,566,371,457,436
458,233,392,443,430,428,363,428,539,418,406,332
503,436,358,437,364,452,422,384,497,445,420,352
489,303,356,415,364,389,250,405,382,482,570,456
348,440,509,421,407,403,483,411,327,403,423,431
558,348,461,268,450,344,292,387,455,423,373,442
274,437,388,389,312,361,423,320,457,311,446,402
383,426,481,392,467,390,473,473,367,331,504,348
483,423,377,250,362,474,348,507,441,514,238,467
453,435,344,500,496,370,394,399,468,434,502,408
412,451,481,493,446,527,395,420,483,354,434,420
414,500,437,463,438,432,413,381,414,445,275,435
431,433,422,485,357,373,474,430,297,414,458,393
324,490,517,341,236,458,520,416,482,469,458,310
558,379,518,523,364,393,421,432,300,380,380,488
384,261,601,359,320,422,476,293,331,549,467,420
405,528,363,370,509,313,504,309,480,441,380,323
347,461,336,545,385,250,354,450,386,498,392,219
461,476,439,495,393,324,264,415,508,426,447,548
531,443,426,340,331,373,350,431,222,471,539,492
465,414,431,397,321,369,412,299,419,379,375,402
493,473,540,475,350,457,621,345,274,420,389,417
407,442,526,391,549,496,368,380,316,486,426,373
426,388,556,540,371,409,361,293,382,494,363,347
468,319,434,504,498,445,317,512,414,464,398,255
513,344,322,500,386,474,374,318,218,485,519,387
399,378,395,251,482,386,340,460,422,380,514,299
547,417,386,387,510,502,315,318,462,460,355,358
408,399,398,428,326,389,552,449,333,435,369,435
312,539,241,440,383,502,394,305,290,333,441,291
315,505,394,477,319,323,357,555,453,413,409,463
339,473,232,315,417,384,303,409,514,527,473,306
250,313,358,494,527,507,433,294,449,407,383,505
461,418,375,404,388,453,475,409,333,450,402,530
323,479,247,432,379,414,373,544,501,373,403,313
514,368,460,527,235,327,471,432,403,409,461,549
371,464,394,512,399,277,345,483,418,406,459,441
351,354,391,479,470,435,360,394,498,379,383,387
482,267,422,589,353,414,487,584,277,358,326,485
456,436,339,494,487,471,488,424,466,549,484,433
484,449,360,442,358,309,509,472,362,524,513,272
449,352,415,409,346,444,476,406,386,318,440,454
358,528,390,314,447,369,392,376,526,400,408,431
403,432,522,575,383,428,392,427,411,423,410,469
414,412,279,460,319,454,516,528,478,324,481,295
405,371,401,407,403,466,421,490,196,355,428,402
502,307,430,497,384,324,461,411,318,200,483,335
517,349,432,384,517,439,349,378,325,356,304,386
546,265,368,364,408,537,436,407,304,392,371,295
380,351,408,488,382,360,360,424,487,529,274,355
460,582,532,396,353,476,386,310,407,408,512,430
341,417,359,428,471,329,402,321,397,335,500,541
288,437,442,537,368,492,362,369,547,386,511,394
374,487,425,403,549,476,495,351,214,333,431,362
458,318,546,375,435,359,270,451,379,388,433,301
433,358,383,356,465,357,477,357,337,335,389,323
522,393,293,334,435,344,504,415,631,517,348,366
443,438,447,379,469,384,527,389,457,337,505,418
426,423,373,412,351,529,441,476,294,386,501,294
464,501,549,421,494,296,516,395,428,398,443,501
354,330,366,388,273,419,389,287,483,353,291,382
408,431,269,547,543,500,493,421,312,382,425,460
520,419,499,377,484,354,354,456,337,466,409,389
324,480,389,455,491,414,342,557,396,479,407,546
393,425,508,373,418,337,355,445,336,512,371,486
463,421,296,360,459,369,466,454,381,404,448,435
288,416,468,438,244,519,260,501,430,342,438,446
328,479,572,466,472,391,522,482,517,258,483,406
389,372,559,583,350,458,393,332,388,346,495,381
543,447,505,400,483,493,402,450,499,504,524,447
302,420,324,294,433,448,407,372,473,416,314,371
434,426,411,520,482,315,298,394,318,519,491,423
329,394,362,445,353,368,452,423,406,441,380,390
490,498,279,401,372,401,470,526,489,562,379,517
573,405,430,438,389,484,374,504,457,491,455,456
352,563,355,449,333,320,438,461,527,285,410,375
217,620,402,488,512,293,353,475,428,343,418,443
397,358,571,368,417,331,497,398,446,559,403,448
617,386,383,346,508,461,439,410,290,450,222,410
409,494,404,505,288,534,439,316,483,432,431,425
326,336,402,193,439,441,475,505,380,343,412,497
462,468,385,442,323,340,404,496,479,400,442,396
347,374,477,255,395,320,407,302,527,533,451,395
315,265,440,268,323,418,366,607,370,517,298,285
246,453,315,551,475,512,432,350,428,392,347,464
207,313,331,360,422,530,429,306,309,363,485,534
409,476,465,447,501,434,523,299,333,477,409,340
631,404,378,448,415,428,436,354,448,400,325,476
327,395,169,354,440,458,298,409,375,332,550,416
306,490,387,442,475,485,204,321,394,355,570,366
457,386,454,454,406,285,439,407,409,387,423,425
333,514,541,572,445,431,276,461,470,433,259,462
549,427,650,311,556,394,508,431,552,337,537,365
423,435,487,541,434,316,208,465,378,481,312,294
410,393,414,448,389,453,506,385,441,391,397,407
437,377,454,360,298,381,328,339,477,346,441,409
342,301,441,440,439,405,351,435,432,434,399,458
580,467,453,346,300,386,322,380,357,379,522,411
457,470,347,485,540,409,358,565,466,435,612,416
437,472,462,430,420,441,394,384,505,493,544,369
458,388,404,310,401,468,442,552,486,448,519,452
400,370,424,544,555,536,444,366,472,362,525,218
453,425,345,505,373,442,352,374,449,394,553,379
543,281,379,401,524,393,425,394,217,420,332,430
597,560,437,402,313,458,446,372,348,485,467,363
313,488,394,473,495,341,434,303,294,431,381,554
372,425,449,271,422,399,356,372,391,535,395,330
495,242,447,360,448,440,475,406,517,469,432,406
415,281,398,437,558,476,372,469,424,373,551,448
366,395,242,400,352,632,191,228,311,477,426,403
376,385,505,462,530,415,420,302,271,407,344,486
260,506,302,432,450,234,478,372,397,324,462,372
546,493,397,435,421,300,409,452,435,347,355,345
500,526,406,439,432,361,394,474,440,447,367,370
371,391,446,318,386,391,347,357,388,300,319,351
424,488,463,362,311,443,332,323,498,376,400,359
558,451,465,521,450,468,342,327,326,486,373,531
352,324,339,333,513,333,466,403,308,384,530,424
326,485,373,363,569,429,407,369,542,503,427,461
413,529,476,462,306,411,414,293,485,277,317,503
320,478,459,301,336,379,381,284,411,381,284,530
374,289,435,416,397,231,363,509,462,495,452,283
437,401,422,356,306,443,434,286,467,426,460,374
442,275,446,418,317,411,438,474,282,332,497,407
382,389,369,465,472,279,498,345,520,324,395,513
470,449,473,482,420,456,264,270,416,279,493,455
316,378,442,383,461,333,474,298,617,395,363,399
373,412,264,395,422,385,406,412,262,412,319,364
285,299,502,368,470,422,459,449,249,343,512,413
321,342,439,431,405,420,304,399,373,305,458,418
310,434,379,435,524,372,403,313,345,331,323,469
280,314,520,406,443,307,306,384,456,487,487,431
534,342,270,385,474,416,456,385,307,373,475,365
374,559,398,375,535,426,459,393,480,428,431,347
492,339,376,555,504,518,337,257,168,333,437,491
362,390,395,493,349,345,415,418,320,486,430,269
396,403,305,312,410,403,361,339,323,341,323,362
338,417,456,505,308,462,334,327,378,464,453,361
315,329,393,459,407,369,370,572,284,372,401,425
289,287,375,502,556,348,275,464,466,524,240,472
430,320,386,439,394,340,535,427,319,332,391,463
537,229,437,320,410,362,493,457,517,441,394,383
389,331,330,411,465,373,535,290,338,495,493,407
398,299,413,394,502,420,425,521,542,420,512,338
386,454,386,548,456,414,405,320,429,438,425,347
276,356,486,458,465,503,400,427,351,300,558,266
341,524,308,279,428,292,405,385,429,384,373,466
340,535,328,451,361,378,526,435,243,479,307,428
361,295,420,486,366,423,289,445,425,323,455,419
550,346,453,414,395,431,430,332,580,347,384,522
414,484,332,350,455,416,393,300,243,438,316,488
373,384,429,383,307,386,523,493,370,337,327,460
467,381,428,321,202,417,388,471,349,311,366,516
410,513,370,339,440,332,338,386,381,385,350,384
397,370,517,226,430,289,378,419,267,310,561,262
319,428,402,484,427,364,323,364,322,300,429,445
499,524,388,460,340,355,282,392,304,352,488,413
548,543,341,451,453,348,370,352,378,276,420,463
324,393,462,433,473,278,490,439,484,354,359,374
304,484,285,312,366,379,477,191,482,479,511,314
372,458,416,368,299,371,463,417,456,473,466,398
387,314,468,393,376,396,436,497,441,487,431,417
362,323,342,380,405,302,404,442,322,444,368,307
533,369,445,383,481,380,512,332,501,336,391,552
347,509,396,391,391,340,449,258,420,428,529,342
484,366,520,321,422,290,406,420,407,399,363,393
500,434,576,449,418,371,468,465,463,333,428,492
393,331,530,538,263,471,480,332,458,459,388,311
376,291,611,415,523,465,416,439,391,268,372,581
468,451,446,486,312,440,413,620,435,391,352,569
485,365,260,268,308,367,497,482,433,287,476,460
199,362,445,508,490,235,403,429,445,422,450,502
476,526,455,473,309,370,462,372,263,499,418,353
344,276,363,265,459,425,371,323,432,308,367,424
327,395,463,493,399,439,425,389,552,425,524,362
441,458,429,617,458,396,510,511,419,410,520,396
394,389,480,451,466,539,480,419,424,495,442,268
579,321,449,473,508,378,422,484,427,467,458,278
510,528,567,431,350,364,429,406,337,241,398,263
410,433,514,237,433,403,414,410,420,382,412,364
504,345,515,463,452,361,397,339,564,599,536,420
233,383,438,441,447,324,389,461,474,399,395,427
467,399,406,326,444,440,406,374,493,428,508,403
512,359,298,511,456,344,423,398,303,375,377,406
466,418,366,403,409,407,343,442,309,438,418,410
452,475,449,360,442,457,370,525,475,504,428,519
409,318,438,355,411,320,406,461,519,418,466,351
375,478,489,324,550,390,426,325,405,505,444,497
353,518,190,361,442,427,666,569,297,568,440,333
399,355,463,417,565,439,406,491,561,379,392,485
444,350,375,346,322,336,403,330,411,387,295,480
379,355,453,499,520,373,367,439,407,494,400,498
304,411,402,373,513,437,374,372,312,481,315,332
463,475,329,438,550,403,509,507,440,358,340,510
409,352,492,475,318,395,467,361,385,324,531,380
473,447,370,328,406,333,397,416,357,375,464,418
529,299,340,474,448,493,439,364,431,444,508,507
588,526,431,288,370,392,334,480,429,464,431,510
424,475,494,449,418,399,393,255,570,488,442,297
436,352,412,414,335,357,379,443,338,393,363,554
321,398,306,375,380,595,339,350,416,448,393,497
437,481,537,311,470,545,433,370,328,395,584,386
392,423,249,456,498,359,434,513,460,387,458,427
461,469,393,505,419,357,366,334,339,436,263,476
267,358,457,459,315,375,236,340,305,470,580,433
526,354,466,402,524,445,336,577,412,359,462,500
473,447,428,442,446,517,461,394,381,299,397,275
518,479,429,452,390,374,406,507,541,496,277,320
391,331,521,413,510,380,374,483,444,247,369,542
252,424,527,470,503,562,406,426,336,475,389,506
579,314,386,331,350,383,340,396,417,456,448,358
619,254,378,492,314,469,500,419,376,422,342,526
436,398,405,463,481,467,395,392,420,391,407,308
408,369,450,465,317,544,545,477,410,370,353,427
398,372,443,415,297,428,513,376,527,440,480,324
395,380,351,362,510,460,485,370,420,272,252,398
384,369,351,422,512,284,387,265,366,422,342,507
531,555,378,380,494,465,498,297,397,378,386,373
433,387,530,344,373,338,443,406,403,472,411,401
419,269,260,201,435,351,370,446,477,346,386,474
533,469,396,344,492,524,234,385,463,467,437,359
629,481,364,318,418,321,365,443,293,323,324,366
403,353,406,432,482,524,363,382,452,425,460,372
585,255,557,508,506,505,389,433,468,337,389,420
438,354,345,344,397,423,255,451,429,420,392,494
469,452,377,509,441,496,527,390,465,285,439,288
447,552,304,386,556,509,445,294,345,408,298,330
380,510,464,317,399,469,446,319,459,467,367,360
392,421,397,332,429,304,335,569,470,319,488,471
374,482,352,343,413,407,557,388,393,424,350,305
492,390,374,303,325,267,502,336,379,430,309,377
447,343,522,529,389,343,452,538,341,506,388,380
365,376,469,514,190,360,302,381,441,304,399,406
438,393,482,489,366,297,391,328,288,485,356,385
527,365,269,422,270,311,420,373,412,421,519,388
501,425,364,444,384,378,512,433,510,516,437,440
470,446,387,399,419,526,401,376,462,418,418,405
383,474,364,446,399,374,537,343,506,446,480,505
549,502,344,445,341,326,429,361,420,453,534,456
493,408,343,369,418,300,388,379,422,489,414,337
309,334,394,269,513,309,429,493,381,305,453,313
314,495,381,401,470,543,408,431,438,406,355,485
261,519,418,281,468,459,376,369,326,538,556,442
379,303,571,362,228,343,232,394,333,280,467,309
539,338,473,368,413,469,361,344,376,531,461,389
390,338,363,496,424,472,390,397,378,306,408,299
438,428,339,368,567,470,407,352,388,543,385,557
504,454,430,401,340,349,313,228,365,430,469,474
435,329,260,323,603,388,330,290,367,438,368,256
425,315,352,446,395,244,338,533,322,439,286,385
404,439,345,480,436,374,335,286,516,453,302,376
277,427,402,413,435,406,297,470,426,372,439,239
509,419,441,410,435,325,455,429,373,340,354,407
380,443,411,377,410,427,265,385,485,340,429,271
424,388,398,542,334,384,440,486,359,458,409,460
401,407,343,402,326,426,453,370,422,385,490,464
295,403,340,242,383,330,356,453,448,379,364,401
387,482,360,490,359,390,352,485,346,380,319,384
345,338,262,406,353,335,388,324,462,382,547,526
360,380,373,463,439,455,485,412,435,368,404,405
444,508,351,428,399,426,523,426,431,425,488,324
359,334,563,397,303,357,407,368,467,297,386,442
394,478,438,317,412,488,315,442,435,402,409,411
366,283,531,383,324,403,508,351,277,378,331,411
501,475,455,376,474,470,291,360,404,368,608,352
411,369,518,594,438,405,383,459,406,420,446,388
284,412,579,429,510,379,518,304,345,492,558,513
497,471,502,467,446,372,355,395,425,452,430,193
421,426,558,333,489,407,432,533,430,388,469,489
364,491,486,306,435,269,246,347,466,346,583,438
256,354,527,363,254,337,487,329,416,345,378,437
351,351,338,476,401,366,521,295,305,396,324,423
372,376,515,381,454,338,308,450,548,323,430,407
457,358,260,406,418,382,541,323,416,575,409,485
278,330,469,366,523,399,455,233,461,417,404,537
502,364,356,538,392,455,458,361,453,399,325,291
296,405,409,386,417,455,339,258,283,558,293,279
493,621,482,425,347,450,244,337,407,256,493,544
328,387,385,438,483,399,257,395,425,431,389,482
392,461,519,325,286,418,408,348,362,224,357,315
489,372,455,359,360,365,457,321,421,358,294,312
324,381,554,374,363,284,336,385,340,441,399,396
306,467,360,370,513,429,446,402,367,378,453,469
397,425,264,442,392,269,262,384,432,342,436,532
386,291,422,445,293,462,300,483,355,423,360,359
414,475,437,319,509,437,441,571,535,453,368,248
477,273,494,395,234,345,436,344,403,434,277,499
511,571,468,389,442,485,397,383,455,507,352,492
305,347,512,462,350,343,433,278,519,445,349,646
482,317,375,347,404,406,370,376,531,245,461,458
454,389,483,545,315,360,355,300,503,418,462,411
397,289,430,444,527,424,415,374,390,328,401,296
385,454,491,427,458,404,227,420,415,465,316,500
502,363,436,411,467,393,400,306,479,490,363,524
453,348,430,333,350,194,349,288,417,403,403,526
307,406,378,370,465,306,448,484,484,429,390,566
378,307,237,439,460,348,409,453,423,483,568,446
357,477,474,353,293,432,396,320,432,277,380,304
385,391,387,351,396,427,192,487,483,482,444,469
524,196,446,453,346,494,451,401,456,555,402,445
390,428,429,414,356,429,298,273,343,409,365,367
615,499,398,318,424,402,435,315,447,321,473,367
364,503,262,440,426,383,486,441,357,330,548,417
294,298,394,358,415,310,455,401,516,320,449,507
460,271,397,416,411,504,303,479,408,342,404,322
460,499,326,334,329,432,549,357,414,429,407,440
353,424,482,500,455,445,316,501,398,366,343,481
294,355,415,353,437,403,378,403,373,350,423,321
461,471,447,454,469,464,260,373,442,497,471,342
447,619,212,364,426,356,425,400,348,368,392,455
598,500,309,445,288,354,496,425,444,408,382,371
413,477,447,543,402,367,471,563,395,347,601,483
373,270,399,345,453,321,370,493,420,411,495,257
452,375,407,513,399,253,262,398,500,406,332,428
327,407,357,326,518,435,491,284,473,287,255,454
465,609,314,324,383,312,413,355,552,322,356,468
321,466,419,326,310,491,358,422,377,325,553,389
532,348,442,504,462,498,397,369,452,383,483,424
482,439,466,398,265,404,476,375,421,520,267,499
361,371,328,406,565,272,359,528,292,412,557,346
369,363,328,438,401,434,445,388,398,284,338,395
435,356,331,571,434,369,337,290,371,422,466,470
375,387,285,362,391,381,565,371,304,331,388,485
366,436,579,390,434,323,435,347,394,501,453,440
286,305,336,351,355,378,442,272,352,488,322,451
461,420,432,370,472,495,311,271,275,379,352,423
332,485,306,501,262,383,426,393,492,487,419,562
428,345,356,446,362,377,507,505,362,609,391,417
361,289,413,347,445,395,485,505,370,362,376,479
430,505,469,398,484,355,331,490,371,409,202,400
331,354,406,375,406,436,371,500,312,442,556,535
445,463,458,441,547,373,509,280,493,459,441,449
353,603,340,441,448,411,350,412,382,296,573,417
269,508,562,284,416,467,372,461,491,343,449,455
402,490,404,375,432,393,336,432,343,356,361,461
491,292,345,436,424,311,387,335,399,373,367,399
310,353,325,365,408,421,471,405,293,373,346,261
451,460,480,342,459,302,375,231,392,350,323,378
398,475,395,520,229,491,507,375,354,311,419,328
522,313,446,393,363,367,432,444,364,411,453,413
428,482,368,425,463,484,380,531,431,459,384,514
401,402,367,588,332,311,522,385,353,301,442,462
312,403,317,447,424,331,537,401,281,425,387,474
435,378,445,345,510,338,409,335,614,318,470,387
514,349,344,504,524,283,528,492,424,440,416,353
470,294,404,210,287,507,349,492,458,481,607,409
211,331,372,389,380,397,543,251,324,392,517,375
511,469,382,421,507,371,333,342,474,435,349,416
511,291,354,417,319,323,476,368,293,435,486,373
311,366,229,333,465,371,288,278,284,416,496,446
373,322,370,311,493,392,402,349,411,384,302,258
430,487,357,447,450,430,503,346,394,502,370,411
475,454,381,333,337,397,512,404,355,496,499,238
427,462,289,406,414,491,303,448,527,359,387,384
346,446,484,346,426,480,392,422,161,293,468,315
455,519,418,482,478,405,322,405,279,476,480,329
325,343,519,510,383,301,465,464,371,280,373,335
433,457,446,383,432,473,357,376,318,421,499,470
309,404,420,450,412,477,457,278,461,247,310,422
427,421,461,485,547,520,442,400,491,415,427,350
440,354,566,333,553,401,413,447,303,349,413,472
441,270,490,485,500,339,410,388,393,401,528,581
468,329,364,326,292,423,591,545,243,578,414,497
418,338,489,392,408,403,459,373,403,438,437,411
420,404,312,383,552,413,364,376,439,539,323,301
427,321,353,431,507,496,260,423,269,434,402,460
366,398,336,309,557,449,429,380,255,394,425,402
358,456,548,377,377,390,428,414,478,363,412,486
433,559,367,389,439,342,394,273,383,374,458,312
327,361,380,560,474,383,339,372,400,385,468,343
404,441,340,556,628,393,492,434,507,401,504,385
393,413,340,352,401,488,446,387,331,438,329,494
420,466,432,533,362,455,373,377,436,509,373,371
398,425,432,419,329,305,537,305,497,505,322,461
411,442,400,432,373,339,324,334,408,385,430,536
253,523,370,447,389,314,530,329,377,277,415,396
644,545,341,513,539,284,413,301,351,519,445,537
363,356,382,265,481,324,462,333,317,475,305,351
442,400,394,501,432,434,466,366,470,376,493,405
520,405,379,411,189,463,382,434,393,483,438,350
379,482,425,400,353,560,427,475,440,340,471,285
432,466,327,304,570,443,423,302,516,459,384,389
459,240,486,474,384,469,499,429,342,433,431,351
332,426,324,437,427,382,414,441,302,412,381,435
381,494,566,383,376,361,376,497,368,368,372,397
467,425,391,379,500,507,404,439,420,454,317,420
349,419,450,484,436,543,233,411,584,412,440,387
329,319,385,437,315,438,312,355,350,390,311,552
486,428,468,400,433,362,365,298,392,384,408,476
408,309,310,425,290,435,406,317,315,349,352,414
407,437,291,381,505,330,476,396,384,332,445,323
493,468,301,367,453,362,503,459,512,371,467,377
290,290,332,426,413,272,472,341,391,403,389,494
317,434,303,475,430,463,491,433,427,571,447,418
381,417,403,288,439,379,370,283,484,305,350,358
318,378,376,384,432,432,360,451,331,243,415,322
384,356,555,437,336,421,434,385,363,489,489,395
418,307,415,410,335,358,409,430,492,365,314,355
436,376,427,437,253,452,449,447,404,472,503,380
349,406,445,439,407,341,439,469,467,438,447,294
343,371,493,288,499,263,344,461,474,374,354,363
309,497,443,471,295,267,434,493,508,521,421,327
306,196,288,342,370,272,591,448,450,311,504,244
360,465,333,370,492,297,413,448,272,328,528,484
319,316,609,408,323,523,462,491,397,431,378,373
366,404,409,395,348,514,380,380,389,500,524,311
454,253,448,420,462,416,384,384,498,323,544,431
457,449,406,424,470,279,470,308,572,419,374,431
465,543,340,325,501,378,530,436,351,458,317,370
417,523,379,449,529,286,493,396,348,372,474,430
411,465,341,441,357,477,333,293,377,435,329,353
340,436,473,345,430,492,379,299,413,509,447,336
399,446,328,486,456,447,442,424,466,328,411,515
422,395,399,440,341,458,413,346,466,341,436,514
382,590,306,477,359,443,426,397,322,397,487,318
376,301,342,253,386,343,375,368,307,421,365,422
373,329,405,433,426,426,249,403,414,400,432,447
459,332,516,292,411,353,416,296,344,493,396,422
435,481,363,389,361,475,293,489,463,344,288,329
452,404,391,421,489,379,527,378,377,483,483,380
449,392,338,400,252,414,418,399,404,410,402,570
321,508,577,336,508,465,357,387,361,405,186,278
274,449,330,431,353,493,287,405,464,444,399,381
391,340,488,303,357,337,416,437,445,269,477,509
387,362,325,524,387,370,336,534,250,393,411,376
338,428,547,426,241,378,377,473,482,410,379,400
394,328,405,281,373,465,307,304,366,409,317,475
571,401,333,404,413,331,324,515,264,303,543,447
476,509,337,391,432,468,282,367,372,511,447,392
410,507,493,421,480,285,423,351,419,322,577,535
419,472,374,535,559,396,436,561,304,266,365,402
457,528,452,386,414,608,417,476,431,431,395,522
439,303,270,269,358,418,475,404,383,378,439,382
266,514,406,453,376,414,411,354,476,455,409,357
337,356,270,457,388,362,550,482,526,384,452,389
385,422,368,568,481,531,488,448,495,263,366,336
479,382,425,344,381,454,328,486,462,444,391,364
508,369,380,473,416,451,335,468,553,530,402,444
485,340,368,416,290,480,334,417,375,428,377,440
276,473,412,472,530,598,410,571,532,428,419,509
372,419,279,405,528,284,445,373,395,485,385,454
362,392,240,359,360,417,409,395,378,554,306,479
431,552,473,301,431,474,307,335,483,268,433,370
473,375,423,446,408,436,444,421,409,365,328,439
345,422,489,360,347,471,444,470,333,425,383,292
421,371,314,328,353,343,422,453,397,486,359,538
436,364,440,265,471,353,376,403,294,433,423,331
414,281,428,438,395,491,455,374,435,329,318,362
414,637,452,349,424,326,399,468,438,432,387,289
511,432,369,418,408,411,454,464,434,323,385,394
286,435,362,412,285,292,359,490,309,418,281,457
366,229,414,437,449,326,407,358,383,413,477,320
340,500,551,327,553,643,415,346,344,441,378,319
440,394,514,388,508,509,445,339,422,461,422,447
335,305,537,495,567,471,382,534,523,288,396,432
265,470,553,353,409,438,273,398,405,388,452,513
423,498,334,481,451,349,502,405,379,418,399,270
461,329,481,313,387,515,505,445,431,426,493,439
453,481,509,264,493,272,529,424,383,491,462,433
423,364,382,472,396,473,432,320,421,423,462,385
449,275,343,493,416,473,466,429,323,459,441,450
411,359,359,380,390,349,449,360,427,340,343,430
514,354,483,276,360,465,489,379,409,419,349,407
484,348,433,278,360,374,497,496,458,547,469,481
313,472,436,412,386,285,441,388,395,376,451,540
393,344,333,414,316,430,566,463,412,330,474,481
243,507,473,387,465,329,421,490,443,526,282,270
358,357,381,317,348,484,422,398,402,374,436,374
369,337,373,394,429,432,436,401,419,383,451,317
442,387,339,464,378,422,498,341,430,466,490,504
449,332,419,335,372,392,588,485,456,508,431,451
334,410,391,363,415,330,454,331,327,570,401,528
369,373,401,457,444,385,457,378,319,415,326,404
406,417,393,483,555,272,483,438,295,433,309,413
408,270,319,469,354,463,293,400,509,403,265,628
482,508,292,563,463,513,462,456,429,356,491,354
414,351,465,350,353,402,344,355,536,496,442,377
247,296,370,430,292,556,311,444,317,484,383,433
554,344,285,391,474,530,339,457,484,347,422,365
560,355,283,517,245,440,444,353,397,460,402,396
408,386,466,278,500,451,324,561,570,298,246,491
457,427,334,414,240,486,439,276,324,461,435,482
296,355,363,470,372,338,579,457,445,250,429,385
507,378,570,444,434,444,436,482,508,336,359,461
461,486,580,340,267,356,375,503,437,443,436,309
526,473,558,451,337,465,478,432,500,372,390,452
268,523,400,458,430,420,299,409,513,399,454,426
374,319,564,375,449,428,440,337,421,416,371,312
419,358,415,533,303,355,465,420,476,598,546,318
367,313,306,357,404,286,408,408,443,530,389,430
421,428,333,493,495,346,500,233,415,392,353,385
373,377,500,491,456,364,401,414,395,332,458,521
465,252,450,325,489,530,423,432,510,364,352,393
400,360,422,417,431,408,344,416,474,508,383,414
280,466,456,486,383,539,461,429,360,377,384,353
377,341,381,279,536,296,410,478,448,460,480,380
451,352,456,432,288,421,361,352,516,333,471,418
366,350,497,471,360,383,352,521,443,282,498,572
446,656,408,479,443,518,542,411,438,254,503,446
382,507,546,382,309,522,391,385,412,422,302,325
420,297,424,483,414,386,295,522,322,455,384,417
372,515,479,390,212,355,442,372,424,513,337,345
504,410,326,427,472,338,432,438,420,335,388,525
305,330,319,471,285,507,396,272,376,460,487,434
375,332,501,470,432,438,565,436,362,353,457,364
358,370,491,464,450,407,376,404,452,361,419,384
425,408,438,477,427,422,330,318,407,508,403,398
455,271,368,407,252,333,409,413,480,319,389,439
327,382,299,383,315,516,521,361,499,423,310,522
472,455,393,535,467,446,409,458,491,335,532,464
466,358,364,365,373,429,311,544,435,412,266,296
421,357,481,448,337,443,382,285,242,439,399,379
567,512,406,298,297,463,435,450,185,288,326,454
404,337,468,238,381,217,457,493,420,471,402,378
524,540,465,298,423,309,456,496,411,350,471,483
445,297,458,461,363,508,353,335,547,415,403,355
258,389,318,392,318,238,300,508,341,444,482,259
597,466,407,315,380,343,529,354,501,433,491,480
475,356,427,311,402,329,370,564,388,413,519,429
323,457,309,394,364,393,465,381,452,445,425,329
559,278,442,473,416,416,327,428,403,327,400,384
309,461,375,383,509,359,314,406,441,283,471,406
501,481,495,439,363,284,436,272,423,573,495,391
417,377,571,415,468,400,482,446,296,448,403,434
513,321,329,404,419,415,501,428,527,523,307,496
421,292,537,456,569,377,567,306,475,318,454,367
444,493,458,432,417,408,578,440,398,253,391,411
569,416,374,387,279,370,419,505,426,554,365,412
481,397,438,432,310,418,306,352,346,331,397,362
441,389,234,568,383,442,353,392,357,449,325,489
547,423,359,465,341,294,502,419,352,456,450,426
510,406,332,399,317,270,390,380,507,525,422,395
360,399,252,360,428,264,423,351,639,395,327,439
386,390,406,353,431,456,300,490,468,445,360,462
435,424,529,486,561,381,459,500,299,310,466,565
489,381,544,423,366,205,218,404,265,378,468,309
463,499,317,473,424,469,446,360,467,435,454,363
306,394,452,338,363,505,578,430,244,488,508,438
532,495,257,392,345,362,433,466,368,442,326,333
487,435,437,451,346,477,479,326,371,373,496,341
469,483,309,238,404,470,399,438,346,487,361,451
358,414,313,456,409,313,355,483,426,356,492,624
438,502,390,322,405,440,433,369,507,349,494,478
347,433,304,352,465,526,285,250,661,447,462,384
494,255,530,494,465,335,361,469,442,336,498,395
426,447,235,404,451,435,377,395,355,314,370,225
299,590,380,458,415,477,405,518,426,452,382,412
481,410,450,314,359,423,337,385,396,334,548,457
455,427,417,406,432,377,333,521,332,487,487,541
406,543,621,382,365,490,262,478,364,473,414,385
367,450,411,347,372,426,432,357,550,325,355,386
491,386,474,425,238,344,445,457,270,341,351,432
377,494,521,434,393,439,490,470,586,405,371,352
380,383,364,414,483,445,431,317,444,265,560,381
427,387,467,293,346,471,341,322,492,485,492,339
475,520,392,402,430,405,344,538,356,485,553,373
420,460,354,592,396,311,466,455,405,405,497,381
405,528,478,373,547,411,449,439,402,370,465,431
462,437,319,394,590,379,280,313,412,463,328,405
544,486,475,408,289,469,365,458,452,383,429,309
330,462,498,265,428,498,342,271,398,383,412,475
452,458,258,352,485,447,397,301,340,371,406,463
414,261,388,274,354,303,387,435,396,521,474,439
455,391,248,378,363,536,401,349,411,288,526,372
355,503,404,282,478,482,460,325,464,415,270,313
388,356,590,323,384,358,400,516,457,505,295,474
465,370,423,463,344,401,475,329,399,373,389,448
404,409,589,482,330,387,408,513,406,278,524,352
371,356,295,473,420,318,428,403,336,346,409,279
304,331,374,459,356,562,412,462,439,332,369,440
456,537,507,496,475,308,422,459,570,439,352,480
472,300,479,315,416,418,393,528,413,370,371,522
542,549,389,438,411,392,482,381,379,344,428,489
387,372,435,433,464,337,343,452,445,519,385,396
357,322,372,371,472,344,352,388,433,420,477,293
440,371,464,335,324,465,480,399,430,371,527,394
352,472,465,417,514,375,377,541,368,445,462,386
353,292,380,385,432,307,386,363,475,328,373,376
398,267,504,405,544,312,399,315,402,489,397,347
352,577,414,393,468,274,327,379,496,354,352,514
231,337,404,311,346,380,450,339,365,453,509,477
419,387,504,438,369,312,429,445,533,327,436,403
369,398,430,423,456,327,372,494,396,371,402,444
427,385,375,472,418,351,316,427,302,485,441,410
493,489,457,476,394,428,460,486,331,378,484,431
494,244,458,441,351,372,332,505,407,390,368,545
564,505,379,490,518,461,410,300,467,358,253,416
351,396,369,404,419,508,467,390,367,423,471,485
420,539,380,435,375,448,377,520,350,438,388,343
379,317,522,312,408,381,337,365,404,387,435,371
461,360,515,306,507,483,490,323,358,237,434,412
433,479,379,383,406,297,278,368,323,448,502,411
326,377,356,471,475,285,355,388,340,428,367,385
294,366,457,393,380,435,296,421,431,323,354,433
392,395,439,507,340,474,309,527,276,331,409,332
371,487,408,318,497,383,477,330,367,549,415,520
445,422,284,354,398,415,455,371,317,450,412,453
499,452,493,436,488,426,389,465,411,265,529,516
534,442,280,436,452,454,402,527,298,588,496,313
490,538,356,294,501,380,290,341,410,378,383,425
413,401,450,363,333,300,467,432,459,399,419,455
496,292,429,360,257,301,535,484,419,486,356,442
405,522,472,298,300,508,428,357,445,407,410,369
416,363,363,341,412,434,575,363,292,451,279,415
498,478,410,481,311,433,394,396,276,439,439,383
435,384,403,465,381,324,449,347,390,414,283,277
502,498,373,443,421,445,448,328,453,460,437,250
417,362,401,390,374,391,376,410,432,497,424,477
361,503,350,346,454,330,607,406,339,384,498,256
332,305,559,379,371,403,406,411,530,356,402,354
480,444,363,437,414,351,348,379,470,479,518,315
447,393,389,330,453,380,370,356,603,434,382,426
240,279,249,394,296,629,530,340,357,484,435,461
248,431,387,433,396,525,333,446,365,343,455,435
300,373,470,551,289,513,462,386,364,360,422,468
370,489,543,496,449,418,385,442,396,479,505,385
546,290,390,454,530,420,520,393,460,332,482,371
464,307,417,472,506,388,421,379,502,406,325,460
480,326,380,353,314,320,489,341,497,423,532,409
452,417,405,431,423,366,482,435,449,503,371,444
403,542,437,465,542,339,370,579,406,413,444,317
474,419,360,478,361,530,467,319,277,432,397,493
531,355,360,186,513,411,380,452,359,425,482,446
513,586,324,531,527,428,417,399,333,522,340,449
532,474,386,328,312,290,393,401,231,285,336,332
347,443,480,511,261,360,462,427,428,441,353,248
436,509,450,391,511,258,256,364,392,505,452,418
417,395,487,428,455,344,552,544,336,329,436,471
372,377,166,434,442,449,304,470,507,361,479,424
450,351,467,296,427,412,429,410,562,409,308,338
500,428,426,538,443,386,363,382,354,363,450,398
419,407,438,282,448,448,534,427,393,365,541,528
365,293,366,432,486,501,367,279,415,483,353,280
465,332,349,392,439,551,485,437,359,330,422,175
512,429,466,347,392,411,360,343,411,618,346,404
425,382,367,482,272,342,481,403,313,381,384,375
514,414,283,395,461,368,458,500,313,497,367,302
519,419,429,380,533,243,414,413,411,453,449,462
439,369,314,388,437,585,374,562,384,459,416,373
423,459,400,516,372,464,310,404,432,452,467,342
449,444,446,423,517,322,345,349,456,356,278,522
376,378,394,474,362,443,602,376,504,431,266,437
388,371,462,360,536,448,378,489,480,319,436,251
387,390,289,341,389,357,426,433,365,427,296,487
365,402,386,288,439,383,433,449,396,356,451,544
407,370,454,305,450,313,382,287,464,462,407,412
417,525,335,433,388,427,602,390,345,363,369,425
409,511,504,466,419,460,256,528,468,357,468,381
386,427,286,528,474,339,389,482,405,327,328,306
528,290,418,470,408,270,406,478,385,325,550,422
311,373,341,369,398,367,362,424,419,379,368,440
407,484,380,510,458,513,421,344,403,437,474,434
478,443,306,379,345,385,365,350,363,314,445,417
375,192,220,293,334,352,258,507,340,276,429,355
368,388,467,358,440,434,514,402,404,337,458,412
427,366,382,510,564,398,391,427,265,484,392,423
384,519,450,418,358,416,470,505,382,245,460,463
432,427,370,397,434,502,477,483,470,414,375,318
436,441,462,483,371,382,554,275,528,417,363,378
461,413,431,399,507,527,376,508,267,489,419,337
541,532,470,363,469,247,441,349,426,431,555,333
451,408,322,340,533,306,372,387,397,394,386,427
366,363,408,325,462,468,393,390,401,435,473,401
503,329,389,436,471,387,358,516,278,459,490,309
394,431,470,385,324,392,374,471,349,472,479,366
463,402,500,273,393,415,452,357,449,502,471,382
342,595,297,509,480,354,439,429,447,412,452,410
390,430,294,398,377,275,458,338,268,364,491,433
383,432,355,413,472,381,420,379,321,391,318,239
378,434,368,383,521,494,435,309,370,442,528,375
282,345,352,429,439,508,418,410,585,365,350,377
519,412,330,400,362,421,365,360,406,500,393,327
311,486,412,469,397,359,455,292,488,412,239,357
536,429,502,340,492,281,415,504,317,375,374,277
478,442,399,389,402,405,481,346,316,445,416,300
448,442,344,285,576,383,408,301,478,372,335,444
477,542,409,316,485,362,355,475,429,421,434,398
333,298,373,380,439,412,439,371,449,441,398,413
297,371,298,460,371,250,318,457,615,377,406,313
449,430,438,459,461,474,455,435,411,485,432,396
625,398,381,457,533,381,394,381,431,551,489,463
468,419,399,416,268,437,610,395,314,374,495,577
466,303,417,314,456,497,290,371,430,478,525,373
380,227,563,349,421,317,395,388,293,387,307,365
542,404,398,480,419,409,342,457,362,431,554,468
343,297,317,343,349,321,482,390,386,565,314,419
454,447,504,447,502,359,335,461,546,281,448,515
427,309,353,352,475,445,365,550,345,519,338,441
482,331,342,472,462,437,435,387,254,416,490,512
393,384,438,408,282,548,495,403,383,379,312,370
293,450,382,392,453,488,409,351,400,461,371,556
465,440,353,467,329,511,377,282,423,458,348,387
459,404,359,355,475,264,431,359,416,333,484,458
366,477,337,368,538,503,597,412,487,398,476,433
479,361,446,390,427,322,486,398,582,392,284,477
446,450,574,345,445,447,400,361,454,357,359,451
471,447,378,439,412,440,333,404,474,374,298,412
549,422,425,389,472,476,421,327,372,476,347,368
475,342,461,282,335,361,482,443,371,285,446,418
451,569,365,471,514,396,410,528,420,504,407,304
411,426,302,449,314,386,543,389,453,433,393,413
458,463,363,431,326,368,499,436,273,346,415,521
478,412,455,426,246,497,438,360,440,421,364,259
509,394,409,475,297,458,400,354,417,564,415,591
435,437,345,365,443,480,500,523,449,462,439,510
321,486,421,351,401,412,408,538,356,399,405,333
527,290,345,414,453,327,347,434,464,380,537,483
427,434,529,434,312,385,412,416,330,459,348,413
399,410,348,463,219,273,441,368,416,252,470,431
405,477,447,336,343,435,535,391,436,424,275,409
531,365,530,371,340,385,391,373,321,397,441,415
412,435,448,428,406,460,394,519,327,531,420,403
453,383,462,453,436,288,317,437,382,461,316,324
400,537,412,490,397,351,418,341,341,442,408,403
258,426,447,417,312,346,422,392,488,294,348,435
458,503,460,252,487,341,360,486,454,434,412,435
283,415,402,550,523,499,484,465,517,410,412,473
425,351,456,330,304,525,321,411,386,383,567,515
416,423,461,484,312,298,266,501,432,488,518,403
424,405,458,289,455,388,349,410,438,281,555,367
317,373,568,370,389,510,347,522,555,424,402,472
436,364,511,228,444,412,491,335,539,462,446,236
445,390,465,455,444,506,445,386,433,382,400,400
406,421,412,304,376,341,387,423,489,520,476,406
476,347,300,379,224,416,507,383,317,359,406,415
458,522,270,478,327,502,225,502,481,393,339,527
495,466,455,369,244,340,530,268,305,376,500,579
324,492,512,490,474,300,470,511,336,423,349,358
292,451,386,316,398,464,363,533,481,391,492,437
291,399,332,465,445,540,385,446,511,345,428,339
306,430,439,296,459,502,429,394,413,424,336,292
413,308,416,537,443,498,392,296,391,496,386,492
352,225,495,487,457,470,520,365,448,400,574,390
283,405,271,445,384,449,411,532,342,343,328,562
417,317,424,401,378,522,476,368,303,553,500,403
492,361,388,379,381,370,390,334,412,313,376,460
324,410,455,279,425,532,430,416,326,399,312,540
577,412,312,562,437,422,479,374,426,489,414,446
369,407,404,476,410,434,430,382,342,473,354,384
458,408,408,358,372,412,476,384,527,333,366,355
441,424,448,289,423,489,406,522,412,411,404,370
338,445,413,485,380,454,252,317,506,333,532,422
252,396,426,308,331,552,405,347,432,325,450,290
493,426,440,425,374,492,372,366,257,331,223,344
374,438,478,539,369,455,304,378,321,499,578,252
364,480,533,497,386,559,322,419,537,495,431,391
391,558,423,440,448,369,445,324,410,421,309,405
526,464,419,455,457,480,405,437,316,408,370,455
355,419,465,298,395,467,472,317,502,382,219,432
282,442,305,401,388,244,479,341,395,567,403,296
247,361,358,273,478,271,491,473,485,462,512,425
410,335,413,603,449,455,469,459,347,459,464,309
311,414,433,317,485,504,299,379,405,404,471,341
385,403,526,393,384,535,427,338,370,492,359,369
314,364,242,378,419,485,426,339,220,447,373,508
366,339,427,471,278,393,500,367,410,442,444,604
489,518,496,338,325,404,362,469,334,434,384,325
342,364,344,385,242,254,429,397,440,402,480,402
281,347,528,382,443,476,443,440,414,475,454,324
435,290,446,461,343,424,374,442,483,372,310,377
450,481,351,447,338,398,298,422,509,525,281,308
397,408,500,494,437,257,154,397,478,444,328,400
373,462,494,561,377,309,483,341,401,386,526,340
392,432,440,498,332,354,452,240,276,339,240,363
471,388,468,359,279,356,386,294,427,447,502,434
619,349,290,430,536,437,385,404,408,268,601,252
401,519,409,324,370,262,427,363,492,406,475,363
371,297,276,333,301,446,324,331,398,382,309,346
479,370,356,292,247,287,462,453,444,591,457,568
300,294,292,274,472,482,374,416,458,463,373,459
340,403,319,404,360,451,475,447,499,390,439,479
439,397,339,332,390,415,411,393,551,476,551,613
369,470,380,400,341,420,277,547,377,493,485,349
386,308,535,322,331,377,497,494,387,321,355,247
473,358,361,403,478,369,340,419,447,488,311,514
387,435,509,453,474,372,389,365,434,407,364,509
535,449,404,374,391,383,284,374,292,460,398,379
416,284,414,471,459,452,425,353,467,348,357,524
394,513,498,352,379,461,318,447,439,344,472,375
450,500,313,378,484,442,477,427,489,349,426,444
611,415,376,333,506,384,458,469,428,320,473,507
372,459,508,398,350,413,429,277,359,563,294,292
397,531,463,493,324,319,214,496,418,496,378,379
389,362,373,310,403,432,513,474,256,336,450,291
448,513,366,363,365,384,484,289,231,559,425,466
487,357,434,404,303,273,380,464,524,471,471,382
606,395,477,476,328,480,345,415,413,514,355,523
467,514,304,338,276,454,518,448,441,529,459,569
403,437,291,452,388,525,366,388,468,453,426,455
446,326,265,415,404,286,402,578,364,403,394,580
372,385,393,380,455,332,384,420,495,436,332,369
367,391,412,475,492,331,325,352,450,472,333,266
402,470,440,492,432,404,359,438,358,277,463,420
417,517,379,444,334,364,401,401,420,445,427,442
272,404,341,555,427,370,255,371,282,459,454,332
274,418,525,430,493,403,473,472,520,456,510,461
377,453,525,519,375,328,375,494,363,437,547,451
432,401,491,495,328,377,490,571,531,375,546,563
486,218,307,430,312,447,462,409,505,298,294,360
531,461,529,337,439,401,402,395,280,464,460,435
421,530,416,451,421,412,431,362,388,367,379,599
413,460,530,389,424,384,391,471,337,342,420,461
461,415,503,529,488,473,407,503,365,338,353,426
313,372,386,373,401,375,398,355,451,460,437,301
408,326,468,336,426,393,484,597,347,316,278,271
326,260,294,364,328,468,474,326,454,481,292,490
447,456,282,435,467,397,471,494,437,343,281,466
393,477,425,516,484,432,438,304,396,447,463,270
440,385,553,443,338,461,404,547,338,527,451,572
431,356,285,378,515,317,426,570,261,403,375,416
328,315,482,460,486,292,404,336,400,358,402,408
404,535,576,469,436,316,361,514,308,320,377,365
404,557,369,484,502,465,380,464,348,496,353,195
290,516,507,438,414,313,337,345,370,445,333,569
431,395,447,415,403,389,381,302,361,292,550,277
277,359,481,405,516,274,494,385,446,514,568,540
474,462,393,403,296,423,486,499,431,429,501,383
336,511,457,517,554,248,368,330,229,419,397,512
324,438,338,293,411,394,455,460,362,385,240,388
324,304,407,279,435,379,492,278,603,423,453,384
594,492,505,454,409,421,309,332,367,363,481,298
429,380,378,409,372,489,501,501,267,376,417,408
279,542,365,382,474,418,312,566,376,502,358,495
376,406,403,462,406,425,325,394,413,420,558,378
346,440,472,281,448,364,310,381,399,443,362,356
512,303,308,355,552,480,396,287,310,420,436,412
389,323,505,468,364,436,446,507,323,391,427,388
535,460,451,363,409,516,358,482,370,380,510,372
432,298,434,338,417,365,467,274,340,442,441,336
396,360,456,391,368,416,357,438,329,397,421,438
440,349,376,455,237,472,303,453,463,412,441,388
450,517,474,418,493,353,327,336,371,371,457,342
253,393,532,318,283,360,585,365,407,398,257,399
616,276,377,462,325,285,356,417,459,379,441,378
552,401,419,466,299,404,365,392,474,414,300,372
493,278,474,353,375,332,515,390,504,426,452,446
366,516,279,446,348,363,450,492,414,361,454,408
471,484,404,356,408,495,524,374,357,333,417,371
516,409,398,377,459,517,474,378,333,557,395,418
404,385,489,473,557,457,586,419,311,515,455,342
387,434,398,515,253,415,376,387,324,292,412,376
401,530,386,435,365,381,402,429,372,501,611,281
374,384,368,455,458,536,473,440,487,332,428,263
376,517,405,485,243,480,452,474,317,429,367,350
316,458,290,495,323,308,409,344,484,399,302,402
477,347,337,207,365,459,381,424,425,376,422,306
359,325,405,420,446,429,425,486,420,337,447,348
436,343,436,539,481,570,335,341,341,502,346,526
441,601,443,419,445,348,386,400,448,467,513,266
291,389,385,332,334,430,410,515,498,363,409,346
445,469,358,467,359,408,523,302,330,351,442,508
457,359,494,565,237,441,479,459,499,518,407,455
485,539,425,363,500,258,360,428,449,355,227,468
540,465,382,404,342,238,430,348,459,489,364,422
496,300,341,436,448,327,562,353,590,428,327,282
368,396,426,460,349,477,426,324,461,262,417,331
440,332,317,302,294,475,386,353,446,464,434,389
437,394,338,484,433,228,422,333,527,351,403,274
541,399,319,348,372,446,318,333,226,401,610,502
365,449,411,380,491,327,505,479,421,382,474,429
494,284,536,499,490,458,450,349,317,356,510,454
487,453,343,345,444,411,319,412,521,365,421,434
406,543,239,446,460,365,392,396,409,313,391,366
595,452,462,509,326,287,443,382,471,523,364,312
291,341,326,532,395,287,461,433,460,388,433,437
408,302,280,373,359,388,426,356,374,438,323,337
334,448,374,484,464,362,386,465,404,295,301,375
314,425,485,404,459,352,431,432,315,452,343,483
393,547,344,454,349,425,442,337,619,357,439,526
337,302,373,397,446,454,494,548,488,507,402,367
488,674,405,231,426,354,455,307,280,403,596,394
506,473,279,389,417,500,433,396,442,370,549,478
430,291,463,421,378,338,473,413,273,504,302,478
485,300,551,248,431,592,364,412,349,434,297,364
310,471,295,468,350,434,522,421,534,348,397,423
456,385,499,570,382,503,532,425,358,341,344,531
380,499,530,343,382,445,364,494,344,468,376,417
242,538,439,368,396,510,426,472,516,374,540,381
462,403,457,513,438,417,288,410,440,368,414,491
458,410,399,421,476,381,326,411,476,500,507,393
401,298,440,467,474,416,437,343,466,487,211,505
309,531,434,375,367,375,484,550,445,327,362,405
506,409,448,437,467,460,445,651,295,373,406,291
462,361,473,356,495,298,381,292,359,453,370,529
311,391,502,412,486,416,457,485,475,336,449,395
452,310,366,380,391,414,571,390,419,267,311,376
476,330,374,436,462,523,302,436,385,329,456,545
367,367,337,429,399,377,311,505,539,321,416,371
397,342,363,434,380,410,495,452,327,274,335,408
347,233,361,233,387,461,333,598,361,608,251,363
475,381,462,356,484,443,444,493,381,437,346,576
485,378,396,519,478,341,364,458,390,306,400,470
389,350,332,374,450,504,367,349,465,554,399,478
374,494,444,447,357,422,357,450,324,418,389,436
433,427,461,405,417,397,356,441,445,436,375,438
446,369,402,389,410,289,383,400,487,475,250,375
295,456,465,407,524,366,480,407,305,434,473,297
302,454,375,349,588,441,328,525,469,426,487,455
304,545,329,369,451,465,364,406,283,431,585,524
387,398,353,365,531,410,530,453,277,502,322,416
347,409,308,341,503,352,485,423,468,467,417,333
432,396,386,355,479,461,507,247,478,276,388,405
444,391,483,529,460,389,292,277,420,364,402,525
531,445,497,330,473,357,348,428,479,259,340,289
471,469,388,434,475,338,442,380,333,491,320,289
535,431,271,374,398,459,475,397,473,476,427,326
381,401,571,418,448,340,535,272,360,421,411,559
493,367,259,483,438,454,421,273,331,458,443,407
487,328,534,467,397,392,458,486,349,373,438,491
265,433,417,379,249,434,455,485,569,479,471,369
416,361,311,454,491,244,347,402,336,305,416,260
514,370,317,396,470,378,481,510,316,346,455,387
400,477,417,454,399,518,326,311,426,436,240,401
491,476,385,377,485,359,311,507,392,470,395,459
405,465,473,421,461,328,518,482,573,555,381,397
343,538,393,451,451,399,296,602,311,542,364,455
570,449,424,488,475,423,409,339,297,214,474,341
519,264,422,482,485,446,331,309,458,392,482,405
338,444,406,422,271,556,446,416,461,474,247,449
510,436,332,431,442,373,455,509,456,425,519,358
375,430,352,404,458,346,399,426,431,347,444,378
419,424,290,440,453,403,448,436,429,383,280,369
409,489,326,282,324,306,444,350,447,428,421,441
467,412,350,315,464,363,511,366,542,471,356,395
497,438,416,359,318,331,435,426,424,348,352,378
305,348,392,343,398,417,258,425,433,349,368,330
316,390,503,317,309,397,390,510,367,574,486,434
402,419,414,381,431,478,456,333,406,465,421,338
564,541,315,396,309,459,406,499,388,366,340,510
528,378,327,570,538,430,363,389,470,365,368,449
358,349,335,436,278,378,415,236,366,451,425,471
391,389,496,416,388,572,464,407,446,442,434,342
503,368,426,476,394,523,392,484,386,263,554,397
406,347,378,492,326,319,416,474,424,444,407,315
422,459,368,480,432,458,495,326,299,495,245,469
417,404,366,388,382,444,508,441,282,444,355,588
424,305,411,409,460,401,426,485,481,338,416,456
403,380,411,447,361,435,417,433,408,460,310,429
479,379,273,387,422,408,400,400,451,564,495,429
522,452,399,458,344,414,346,421,371,459,371,462
354,408,411,370,371,433,439,353,361,296,381,284
558,457,434,447,319,386,436,433,304,423,370,379
545,385,563,357,440,424,320,444,330,358,350,293
346,437,321,359,482,455,380,336,318,379,356,339
379,333,390,452,397,475,476,437,391,433,355,292
364,467,369,475,429,363,496,282,542,412,402,355
293,449,424,340,450,433,304,375,426,366,374,495
435,487,414,506,475,332,438,362,314,403,461,458
364,486,272,279,414,398,305,354,348,457,312,344
347,392,372,449,369,461,463,459,314,307,296,422
351,545,457,313,371,368,433,511,444,346,542,401
515,228,363,607,395,241,355,464,362,497,471,458
409,427,490,520,372,358,563,313,330,548,301,440
354,431,351,521,529,378,335,386,435,562,343,420
457,376,316,431,407,439,447,409,261,331,276,477
397,257,446,527,287,350,471,359,349,458,375,438
425,413,482,447,398,312,318,288,309,437,464,443
347,548,414,524,294,421,512,310,398,261,344,371
371,319,350,476,376,453,275,381,378,408,397,491
361,492,428,376,410,259,426,378,522,369,470,526
424,435,452,389,390,481,475,438,363,320,354,430
297,233,269,386,278,272,338,440,520,366,407,407
407,452,314,403,466,484,369,446,339,242,403,341
328,456,455,272,384,324,355,354,344,440,262,379
462,388,440,549,375,460,416,326,389,221,428,335
394,360,408,537,417,377,390,410,560,507,469,388
417,362,408,408,327,582,460,417,379,406,517,513
266,336,413,465,501,359,346,380,411,400,595,348
453,342,525,464,434,394,291,462,423,423,394,369
426,494,412,376,411,473,442,509,406,476,435,277
418,344,445,391,430,391,448,521,521,351,505,416
374,436,555,426,292,511,507,470,410,504,352,449
394,441,489,481,446,514,385,331,436,380,362,349
241,323,421,388,464,395,522,449,368,493,388,435
538,397,412,411,540,328,441,453,411,387,281,447
419,495,296,341,501,403,409,370,274,358,382,361
404,400,344,411,342,427,339,386,331,352,573,396
387,363,338,494,227,374,364,259,317,496,463,409
535,378,341,448,392,453,426,326,517,402,475,296
359,339,354,460,510,476,439,421,443,394,335,300
490,349,465,400,370,469,495,464,365,366,436,528
530,513,401,472,450,551,381,544,426,438,379,384
270,440,459,546,400,351,474,366,440,415,323,398
