239,519,264,507,524,123,788,365,583,540,284,21
152,545,730,242,782,259,222,757,100,344,773,173
620,687,160,512,700,620,354,359,149,377,184,229
475,57,16,624,483,255,98,265,163,264,479,574
151,561,174,651,779,626,427,129,189,7,61,654
543,475,245,468,168,395,293,797,33,282,599,389
254,766,360,384,551,245,424,328,478,536,699,368
14,291,284,202,729,64,530,491,201,585,798,527
745,740,441,110,46,615,253,93,563,299,180,375
760,266,150,209,228,549,596,708,63,9,220,443
3,211,173,326,222,455,726,440,728,327,250,510
679,39,277,762,345,253,504,411,298,290,714,136
352,42,18,789,627,514,95,204,733,433,97,108
135,445,691,676,154,792,86,65,263,296,451,752
705,129,394,30,327,47,301,720,387,166,424,665
687,267,68,649,630,308,797,562,568,710,271,145
498,240,770,634,50,166,439,553,253,547,324,669
367,697,650,247,323,587,246,298,349,59,91,539
343,25,275,13,38,396,683,14,506,541,318,270
249,154,231,349,576,340,102,418,182,14,726,329
573,702,396,386,133,381,677,366,388,643,258,794
728,168,258,346,532,313,536,578,301,659,312,296
571,229,661,26,713,611,189,209,112,292,121,29
531,62,596,413,138,204,739,374,412,251,560,217
568,286,245,376,281,509,682,113,84,311,406,644
562,478,644,346,46,292,121,416,26,5,232,740
193,508,94,358,790,621,351,27,500,520,499,8
444,67,169,88,199,707,500,550,630,460,687,461
513,740,88,429,289,369,171,526,308,612,769,157
298,216,408,226,782,668,719,516,510,746,357,622
473,396,604,423,548,772,360,686,141,614,261,445
763,22,306,683,173,71,42,599,145,791,286,561
167,14,530,796,633,362,33,5,484,31,141,240
30,521,39,265,646,141,763,586,435,579,119,598
728,196,178,780,566,163,246,318,573,427,635,450
100,184,196,187,589,695,491,282,21,143,634,736
581,192,336,736,755,709,200,401,292,423,437,469
107,449,367,582,115,541,110,626,166,755,640,681
678,181,683,5,744,54,455,695,419,43,516,596
166,611,698,465,402,340,690,579,485,747,116,486
348,719,144,289,190,629,701,464,44,736,450,261
693,362,725,769,77,276,649,546,772,101,646,290
371,526,708,17,354,298,538,164,339,655,723,631
764,294,93,491,107,712,71,646,560,564,109,124
117,298,397,797,140,721,238,463,22,478,398,495
421,509,766,667,151,338,164,287,758,490,325,638
477,510,70,460,577,405,748,392,339,271,152,649
363,70,241,113,787,283,136,396,13,292,751,452
143,483,774,475,745,181,68,792,182,99,645,64
197,502,742,370,113,573,725,597,412,153,200,529
716,198,304,751,636,715,500,194,718,488,632,779
251,70,218,382,97,61,719,258,201,639,702,724
615,393,125,6,406,170,768,749,633,124,176,362
475,269,542,512,182,614,513,649,29,492,128,386
722,53,74,645,142,507,381,367,431,220,53,437
163,647,124,548,468,325,774,277,249,455,380,29
300,154,657,103,519,456,182,470,125,240,745,238
299,38,507,735,670,320,366,394,317,497,793,141
462,360,436,125,442,490,145,738,438,352,352,654
431,338,533,138,537,166,179,732,385,487,267,160
796,784,105,594,682,304,385,576,211,180,313,457
63,466,491,606,601,287,538,699,156,699,516,650
2,387,286,409,209,77,57,497,751,32,115,621
15,261,261,548,193,51,63,34,182,733,793,729
710,351,181,190,647,163,457,490,643,284,632,365
696,158,419,361,234,87,548,213,522,192,703,448
722,488,448,407,59,620,721,317,620,635,458,609
767,521,200,16,375,555,111,522,27,102,158,799
291,399,615,383,733,599,660,405,708,307,688,684
482,272,314,405,439,444,77,213,118,345,413,504
288,504,635,106,31,368,99,667,212,206,556,787
644,227,783,436,285,646,339,396,105,153,664,444
686,581,140,465,447,62,186,362,641,584,195,169
468,219,665,426,659,304,409,89,365,156,319,206
602,347,319,494,245,340,474,186,752,325,434,679
556,774,416,406,516,92,713,257,243,581,400,28
164,539,796,282,436,584,628,776,580,7,511,98
157,22,707,382,213,231,113,741,372,442,579,198
750,291,219,641,460,303,501,510,502,485,143,719
213,9,603,158,561,116,658,696,200,23,332,80
7,594,747,218,491,263,752,719,167,566,679,453
484,600,702,475,621,491,106,424,391,454,234,518
256,414,699,554,554,685,188,280,405,96,123,55
158,302,470,672,501,652,509,453,553,168,351,553
110,472,53,716,214,103,555,160,120,605,301,163
415,649,244,704,466,669,196,322,761,200,414,711
42,414,767,211,424,774,300,555,427,275,573,468
599,295,727,401,203,289,233,365,417,573,733,291
732,234,740,180,96,486,386,405,762,322,137,293
377,184,482,176,563,460,552,297,562,503,518,131
756,476,762,754,187,382,187,536,164,631,549,338
369,446,400,157,506,416,691,199,718,45,324,99
472,755,358,559,725,680,597,7,498,305,406,308
608,405,368,383,493,222,730,703,352,522,384,25
112,494,132,289,459,673,528,50,603,306,429,641
663,84,710,166,528,615,692,534,386,447,586,261
374,294,23,64,320,670,407,594,44,530,567,302
160,216,398,759,790,431,757,596,64,448,329,287
586,33,633,354,148,265,358,246,179,289,766,492
655,688,295,322,429,611,388,621,507,637,443,42
364,326,569,426,402,137,245,496,133,740,478,659
617,694,325,214,53,595,634,671,185,770,166,90
685,794,7,792,408,306,525,300,132,155,166,91
601,122,239,639,392,595,305,636,161,284,474,404
21,582,791,508,113,506,14,625,344,389,7,787
373,650,441,394,417,200,126,711,129,160,236,338
337,131,56,613,329,127,702,508,609,150,776,179
595,285,321,786,460,716,344,470,686,105,568,34
109,574,392,465,637,373,574,389,42,6,261,17
641,639,206,258,426,606,554,639,119,762,11,93
253,599,281,172,423,770,460,418,125,725,264,401
508,718,595,107,498,595,314,331,689,775,600,678
359,771,544,566,636,629,321,272,592,415,604,458
390,586,627,555,182,676,700,399,13,743,254,441
627,9,46,405,493,282,13,705,690,627,33,170
400,376,500,17,647,148,561,713,372,617,410,121
420,400,763,629,447,271,722,369,499,128,443,667
299,607,588,536,734,258,601,545,17,394,177,509
680,507,438,81,284,425,478,191,476,583,191,522
747,438,776,329,454,752,538,423,317,680,44,240
50,268,559,507,651,346,749,748,224,633,307,196
240,650,127,258,16,293,739,474,188,566,186,34
751,73,705,7,565,473,422,506,389,36,354,725
649,183,795,701,687,288,206,361,407,211,298,661
600,738,668,5,664,367,448,765,98,455,100,345
729,96,26,749,640,607,232,784,548,245,289,695
255,73,428,486,604,792,68,698,15,571,221,355
717,714,95,758,6,540,502,611,592,542,800,697
560,276,219,701,795,597,452,359,431,37,388,140
154,792,227,192,42,228,741,571,115,408,187,111
318,468,619,698,205,3,2,578,121,549,86,607
257,572,532,784,692,503,398,140,692,549,381,732
755,382,120,399,685,527,794,629,572,93,638,663
786,273,424,200,156,26,2,417,390,586,151,737
148,607,418,201,214,467,409,279,210,614,290,392
113,790,574,198,528,147,344,235,99,627,36,363
139,134,55,538,597,564,570,308,510,342,122,344
180,471,744,539,462,165,555,179,761,634,504,465
168,42,796,194,320,94,76,473,717,425,619,312
382,410,583,181,368,357,148,181,311,681,519,609
302,403,186,254,472,631,548,784,535,99,114,42
754,565,355,483,678,525,767,329,767,516,91,524
420,362,692,520,74,446,316,401,236,496,344,514
259,87,151,669,177,503,270,202,168,88,98,393
12,333,192,387,79,792,747,692,566,756,376,69
585,445,311,617,296,745,774,230,568,769,351,692
798,90,244,68,620,355,680,513,40,530,184,327
670,125,342,410,201,787,394,574,154,25,186,702
455,660,626,794,488,342,120,133,449,47,653,488
656,139,800,476,453,758,386,428,709,200,458,691
767,218,264,345,793,770,689,518,472,600,784,81
209,667,770,638,441,137,493,790,800,287,30,599
203,577,784,787,224,93,107,292,705,453,688,565
323,234,291,726,617,474,572,637,345,683,324,476
157,532,209,20,766,335,387,592,715,790,170,148
429,680,714,385,110,531,347,70,799,255,571,548
143,424,560,64,546,641,652,125,794,560,683,421
490,307,793,177,509,336,590,506,39,310,59,800
49,325,223,55,699,428,117,201,623,43,373,550
671,732,437,24,195,513,598,751,222,365,538,562
587,34,195,129,7,504,762,284,693,317,475,126
442,493,634,646,353,626,436,249,580,289,455,254
171,565,185,667,563,106,544,239,561,538,707,622
604,260,225,769,358,415,407,364,514,97,28,133
143,281,736,420,155,299,253,143,86,210,87,643
667,567,541,367,308,298,551,19,547,92,472,76
290,740,204,381,590,325,630,147,776,591,243,348
672,134,151,731,117,93,519,157,443,10,350,227
197,132,486,584,776,402,92,792,400,310,772,680
483,590,18,188,268,11,780,291,320,270,684,180
712,151,638,350,107,745,506,684,249,186,316,699
489,782,580,464,664,76,658,488,602,666,8,771
424,84,331,729,284,136,378,26,216,686,214,91
63,527,198,360,595,734,171,321,269,463,645,756
121,392,179,741,743,439,60,113,111,378,545,646
508,344,784,501,346,438,196,34,489,87,753,56
664,686,687,572,279,298,57,530,688,641,550,624
719,533,427,471,23,148,49,726,685,212,491,780
448,732,135,395,504,354,514,154,466,710,523,611
372,471,167,207,769,16,295,218,407,405,584,702
346,134,660,273,79,508,596,316,684,394,281,461
482,209,24,529,492,529,726,341,101,105,463,768
291,480,41,541,230,245,606,154,316,475,178,202
253,521,408,700,656,617,690,61,206,536,337,72
514,634,343,774,666,582,189,91,99,616,543,665
61,70,313,769,167,704,180,557,495,124,214,527
763,745,646,510,80,505,241,351,579,266,469,464
762,597,257,608,173,788,167,168,254,149,527,516
743,795,291,82,555,586,3,85,228,190,101,704
705,447,722,712,67,720,700,772,193,371,63,300
753,435,458,120,186,374,566,98,183,398,423,278
730,782,227,426,496,550,427,277,162,235,171,184
375,6,668,529,675,762,476,140,390,457,80,116
434,55,136,262,736,517,616,193,595,27,536,353
477,247,364,101,768,749,786,285,524,2,239,461
491,288,616,418,89,155,232,90,402,374,391,791
283,674,408,509,300,440,70,254,439,137,676,97
268,125,680,526,236,68,602,464,189,647,205,110
277,92,100,126,717,10,635,447,139,633,354,782
641,318,128,743,484,765,554,406,711,744,691,451
206,511,551,746,8,124,174,255,770,566,769,315
656,392,189,512,442,615,291,167,534,711,661,255
551,43,227,699,785,162,358,396,177,564,706,288
383,159,568,607,666,410,170,298,404,390,299,592
272,300,587,45,69,546,414,112,306,415,139,126
643,552,320,363,264,515,694,273,515,90,5,638
768,722,287,544,699,340,252,524,752,662,170,784
3,145,187,608,722,599,702,240,328,781,206,203
541,208,162,550,65,705,626,466,552,185,489,414
465,29,319,67,78,457,516,177,492,557,350,6
204,571,598,332,592,317,280,321,361,573,391,145
606,471,678,793,423,132,413,38,596,160,686,548
434,403,202,767,103,682,656,529,750,720,55,759
138,338,307,759,56,652,166,17,598,766,180,641
114,770,745,778,477,439,54,680,473,516,314,23
737,76,525,587,164,88,381,274,650,588,236,536
76,374,471,229,78,224,310,571,671,146,478,330
376,108,331,623,762,231,703,266,525,625,423,92
562,12,269,193,793,224,345,118,479,590,711,514
468,525,537,253,398,781,137,545,3,572,6,314
774,436,780,437,657,505,460,432,542,454,175,65
579,740,469,193,248,316,256,172,580,516,41,490
630,630,658,571,663,518,365,500,114,194,438,181
369,38,340,721,573,386,377,752,304,239,395,250
463,333,709,466,309,39,578,214,311,624,596,155
4,113,161,513,322,746,99,183,429,575,211,216
175,82,207,169,585,472,566,41,338,185,713,614
711,457,549,10,238,35,376,346,487,458,464,261
789,429,602,203,597,445,106,401,153,402,773,530
690,192,538,664,603,784,253,229,794,737,566,450
631,516,44,552,113,718,637,222,258,579,266,460
39,739,654,286,494,431,711,340,609,300,527,550
797,217,73,80,70,254,255,158,445,795,210,446
517,327,395,395,208,94,85,710,619,627,10,49
239,352,748,690,661,119,735,519,444,626,167,409
185,60,715,608,72,285,59,20,39,273,769,157
89,796,787,181,671,184,707,410,734,9,146,170
344,717,210,55,70,772,236,242,176,545,697,29
176,495,628,481,70,313,484,104,348,650,467,401
51,707,87,221,203,630,673,577,540,644,348,779
279,422,513,522,793,229,450,53,86,317,718,521
99,600,469,203,486,256,496,84,343,696,8,191
173,689,673,357,256,783,548,740,551,61,290,774
537,43,291,395,254,82,317,797,526,54,340,262
536,554,713,552,616,129,535,38,620,532,774,645
288,228,623,253,13,213,611,514,677,111,356,332
201,742,64,44,323,314,9,440,69,749,296,193
306,208,116,749,655,119,456,454,440,488,483,261
313,224,233,292,104,404,179,744,142,261,244,674
505,200,273,656,367,647,618,253,304,779,245,85
547,353,107,676,509,742,622,694,88,569,139,705
411,593,299,495,782,739,603,32,194,766,435,581
383,629,90,420,379,785,379,255,307,304,794,755
450,206,218,442,347,797,582,25,87,154,346,334
291,345,724,640,725,767,433,240,180,609,476,46
609,21,760,301,375,61,152,520,748,13,64,567
620,264,398,329,74,226,344,664,122,393,568,261
439,246,436,744,156,586,767,424,56,32,138,176
386,362,393,654,383,551,473,629,503,616,26,705
368,650,332,712,405,688,790,398,431,437,782,412
247,570,640,62,257,493,325,798,133,70,123,199
27,94,116,89,526,557,558,430,189,539,725,280
778,29,617,379,474,512,460,578,531,214,784,545
759,604,584,535,463,266,565,338,722,238,364,760
349,492,777,127,449,799,71,790,111,466,420,466
543,604,604,717,689,324,119,702,767,672,20,636
422,140,704,570,437,431,371,739,631,217,358,473
370,453,795,244,22,170,454,722,772,181,600,741
646,439,785,100,778,153,530,460,44,621,759,161
13,693,520,41,702,675,595,15,629,533,737,13
679,309,28,63,742,212,739,364,217,499,352,485
515,560,576,791,48,158,540,457,217,180,61,601
653,341,163,282,364,127,48,401,542,43,336,16
683,619,36,142,212,697,293,523,442,91,252,648
632,425,317,210,253,292,277,456,455,504,346,694
193,210,36,104,245,193,620,133,455,171,365,755
684,234,761,635,775,245,556,747,220,470,218,2
122,748,555,321,762,790,542,58,206,488,670,770
48,337,284,455,592,8,476,186,73,637,422,706
710,710,659,314,149,223,785,36,528,345,510,463
194,261,480,409,317,693,759,10,701,255,743,511
170,794,150,360,410,172,210,86,575,385,258,784
480,581,752,615,686,636,131,60,594,466,610,609
50,331,193,329,108,485,504,516,726,228,764,345
172,352,743,11,346,67,651,178,706,458,386,711
783,36,309,247,797,197,294,361,309,421,212,691
65,774,295,134,44,333,60,262,492,328,627,254
456,497,166,6,786,357,615,150,629,707,63,784
551,508,595,205,281,726,480,409,750,377,487,57
728,724,682,668,655,731,528,785,620,159,317,614
692,449,430,109,326,693,131,49,164,142,73,780
166,779,238,386,413,711,342,417,59,501,413,441
516,6,570,338,618,443,231,596,676,285,785,294
674,202,605,387,402,209,153,146,392,693,367,225
381,38,544,477,553,385,232,381,510,564,459,212
97,288,775,133,69,714,648,325,377,325,183,447
704,725,738,89,581,17,527,751,643,289,272,679
61,375,334,164,687,641,774,594,574,466,235,66
399,212,654,108,274,600,750,287,490,360,395,793
539,451,218,706,740,579,421,787,549,245,745,446
393,791,215,767,270,489,404,271,315,778,465,432
35,124,506,103,190,419,172,475,71,327,170,464
351,502,401,640,432,697,65,118,438,56,437,220
230,744,93,320,409,53,210,465,706,283,581,260
695,786,663,86,390,474,799,573,405,90,400,228
188,344,645,667,546,44,646,513,348,336,690,313
626,555,58,599,527,555,221,647,78,585,23,338
54,331,701,114,7,68,69,48,592,566,707,337
657,420,387,406,518,728,756,483,445,325,615,370
140,135,559,619,267,669,91,263,137,203,458,32
402,264,159,509,250,52,703,31,750,663,519,423
727,628,279,548,529,130,746,36,603,611,605,296
221,330,774,110,557,238,345,675,587,417,508,678
578,533,246,472,364,684,94,611,511,160,426,224
243,482,703,581,60,129,393,522,615,315,662,25
4,776,110,143,539,57,200,505,11,499,721,237
745,454,646,488,566,790,430,511,422,137,463,425
98,285,399,37,417,444,303,513,449,310,771,233
584,370,119,723,753,462,651,193,507,498,306,102
548,331,709,411,500,357,100,455,137,166,130,707
738,551,706,109,491,304,247,710,182,318,294,255
498,18,745,300,166,446,232,457,291,350,430,33
295,609,629,191,597,322,433,157,256,383,685,356
734,52,305,421,383,108,622,465,179,103,425,354
650,525,465,651,538,576,82,485,418,407,310,104
653,76,442,69,666,736,71,780,359,498,18,196
219,524,630,726,21,773,57,471,532,442,534,308
576,672,249,524,761,18,29,64,548,430,650,714
562,21,699,418,346,427,555,33,712,262,92,661
761,695,390,477,718,521,553,664,758,105,580,52
454,582,638,146,591,182,116,123,275,488,725,60
676,179,399,552,771,729,493,729,667,639,664,317
301,661,275,399,47,522,322,43,740,796,101,473
473,109,698,172,747,621,622,245,91,640,261,771
84,308,785,532,346,482,316,423,327,626,130,145
496,777,729,496,450,210,131,549,194,799,221,749
413,318,482,608,107,86,398,425,94,633,490,344
307,354,507,93,732,412,451,295,177,157,800,432
752,422,192,26,219,162,656,429,162,407,623,229
435,144,686,288,244,465,540,374,169,242,677,554
250,45,470,219,198,654,15,2,701,592,576,673
621,411,536,599,677,461,652,658,281,534,4,602
614,85,746,702,312,786,543,435,315,61,660,192
524,693,603,655,463,105,21,399,601,398,512,265
541,636,608,677,239,767,472,6,41,792,666,450
355,362,500,756,157,416,226,483,383,13,408,746
132,646,466,403,465,503,555,3,168,570,170,677
288,268,74,257,544,74,687,713,229,159,458,321
304,525,745,57,696,18,64,753,224,714,237,274
657,288,192,755,396,443,675,343,73,601,138,204
470,215,617,297,315,233,787,481,483,552,227,501
509,565,6,14,334,132,12,709,285,229,236,594
151,338,333,235,548,214,247,667,348,170,428,297
237,300,177,431,155,229,163,219,621,80,379,217
496,230,456,597,355,398,170,480,12,593,410,115
640,527,668,468,487,323,666,302,685,165,555,233
355,227,468,275,471,225,663,8,619,455,523,606
690,425,235,543,445,453,352,567,780,346,696,473
24,563,345,764,423,606,360,427,216,403,82,738
426,787,410,521,118,740,604,77,251,147,460,644
245,30,11,358,190,504,349,325,38,179,209,509
375,477,345,228,299,12,694,230,625,428,514,106
687,549,610,663,367,532,209,329,239,690,557,718
174,483,154,380,293,651,590,635,103,323,143,539
321,788,147,228,32,645,505,694,284,449,428,735
797,732,403,475,275,711,691,79,161,568,430,115
529,81,501,214,105,490,330,361,435,219,473,543
310,625,697,564,98,166,276,149,769,91,181,463
675,87,640,236,590,302,562,359,484,138,677,233
300,479,353,316,366,98,8,405,77,626,651,643
705,348,379,55,445,695,358,512,492,407,398,69
351,132,323,718,210,630,605,244,772,219,714,288
45,573,207,33,267,611,119,240,326,69,536,352
145,433,613,617,744,572,462,89,537,169,87,794
273,291,771,270,450,124,307,786,297,739,570,117
520,436,335,63,742,87,618,288,318,790,578,363
791,306,434,53,10,120,176,172,345,69,6,98
348,737,56,128,799,495,85,742,184,174,668,482
72,402,308,463,21,337,610,293,577,765,744,22
565,681,464,273,319,131,760,374,372,248,201,678
424,199,599,65,599,27,391,508,283,46,422,439
259,412,609,355,392,235,44,636,599,774,85,345
28,669,393,586,180,677,201,325,514,580,76,167
313,298,215,43,7,795,466,90,451,368,517,130
175,101,711,450,128,231,472,37,629,19,741,52
115,600,773,156,251,399,169,14,458,711,255,588
68,539,512,12,476,514,186,79,355,170,547,13
38,594,196,416,564,473,340,560,46,393,132,750
483,530,377,294,634,203,341,489,177,579,160,441
480,311,731,515,754,120,647,539,200,93,270,236
191,439,290,501,249,799,614,189,566,564,596,530
467,424,772,379,297,360,613,74,724,679,756,800
369,60,550,162,250,657,134,773,561,124,244,256
582,273,633,615,76,387,306,261,171,736,128,617
359,335,576,688,399,770,644,777,512,689,558,637
58,625,198,704,355,373,288,26,710,231,241,357
287,245,695,62,275,242,159,483,90,224,298,203
497,211,109,426,156,477,677,263,16,410,129,466
671,781,747,768,508,693,583,229,631,39,11,740
576,480,638,563,322,712,183,609,257,539,101,112
362,421,359,696,744,206,37,323,344,624,168,465
628,664,340,284,307,137,498,373,361,562,692,87
701,472,126,61,730,481,423,580,591,751,399,286
439,456,563,521,115,499,521,308,635,560,689,147
41,29,516,645,748,743,292,495,64,410,654,132
636,55,154,441,127,485,133,771,235,231,8,669
566,377,483,676,346,165,436,372,196,328,274,419
324,503,447,272,458,96,208,667,162,251,357,729
191,699,106,634,287,606,454,79,489,455,223,77
581,39,529,60,107,249,777,628,136,129,571,754
52,545,95,137,189,168,480,214,361,298,7,780
752,716,307,578,253,464,65,657,401,315,224,698
501,289,63,107,136,107,178,724,718,460,250,99
107,22,505,519,462,263,339,350,522,162,653,191
100,46,630,575,160,129,292,758,392,304,785,505
377,282,190,221,380,704,171,575,393,419,15,400
469,345,19,736,540,264,692,163,152,220,457,432
589,163,534,31,420,711,303,610,731,755,604,521
111,659,610,430,536,709,313,124,786,307,258,85
131,769,611,736,212,266,645,459,342,229,588,758
240,738,101,530,643,296,158,65,65,737,395,152
347,63,364,437,59,47,303,465,800,209,592,219
117,605,104,669,614,447,515,650,726,28,234,698
750,105,93,428,240,424,31,782,315,341,36,240
632,474,248,55,563,185,143,512,609,467,61,221
101,577,288,463,775,703,209,714,478,68,649,697
34,751,70,498,31,362,200,187,117,216,638,176
93,486,669,760,576,79,519,609,378,243,274,87
419,96,448,67,751,381,679,578,236,251,128,788
668,713,753,373,643,484,753,317,150,426,393,731
74,546,116,430,249,9,41,123,123,230,118,2
91,370,375,175,341,543,693,432,214,432,62,678
446,299,766,528,297,736,365,637,442,189,252,426
587,133,290,218,591,206,341,280,548,675,104,570
794,171,629,297,71,782,173,147,383,325,9,236
186,654,706,234,148,585,291,226,602,143,537,541
644,305,167,305,230,228,61,116,201,678,143,793
107,88,565,499,660,279,232,126,589,373,21,466
335,453,676,398,281,323,344,134,507,618,440,521
416,11,241,355,279,595,753,791,122,195,652,478
428,134,202,683,523,644,498,219,80,542,225,108
510,743,177,462,499,577,594,743,595,245,311,543
256,376,30,123,28,482,647,697,332,373,422,68
417,678,69,218,120,293,220,54,721,380,553,555
277,476,202,549,282,103,444,159,670,508,282,519
435,472,594,343,48,317,309,694,323,177,749,57
685,125,554,296,722,447,475,114,221,115,307,737
711,215,29,530,95,697,153,151,792,341,158,331
247,434,300,642,175,125,705,33,799,91,401,708
501,325,482,322,685,518,440,494,511,41,605,396
690,767,331,161,177,349,498,505,448,36,353,783
235,617,34,538,663,767,314,380,538,42,466,474
422,318,277,86,527,384,791,658,755,670,258,448
358,338,240,621,355,618,474,634,599,5,382,486
680,759,266,328,606,714,737,115,435,696,659,616
316,417,502,485,448,287,182,110,115,561,347,271
227,556,591,687,264,364,553,644,428,353,582,624
248,778,613,544,24,36,41,303,423,135,203,273
40,518,125,345,551,771,279,176,203,542,605,313
619,69,771,382,11,685,204,793,697,443,264,390
400,567,174,321,648,298,16,617,621,711,273,798
598,414,179,738,504,440,393,531,550,226,79,92
120,456,341,630,320,97,616,396,221,226,346,413
777,720,640,288,580,141,608,650,570,2,174,577
297,598,475,349,488,516,138,125,496,2,497,364
543,609,354,678,536,707,470,608,175,262,714,162
396,543,22,216,218,571,575,267,394,68,766,473
463,202,204,436,55,276,8,133,353,288,390,595
326,354,467,691,664,671,786,589,87,748,74,469
292,763,107,137,505,613,78,91,258,400,455,144
756,313,289,613,488,420,576,171,509,565,333,33
106,122,144,238,255,27,177,159,718,631,695,75
305,32,38,277,191,87,137,275,430,168,43,722
286,524,544,76,588,439,319,769,334,534,198,476
371,107,141,118,169,664,199,224,109,353,36,46
510,361,752,677,536,418,595,486,215,504,712,166
12,182,556,558,121,603,735,779,731,356,346,116
445,316,547,310,121,692,153,59,32,715,497,479
574,165,427,439,771,672,35,265,738,328,125,591
442,376,363,68,316,417,580,695,725,93,529,685
605,594,586,63,190,36,305,563,278,246,221,14
775,55,748,549,327,467,44,205,23,242,704,274
80,464,796,632,790,239,507,734,143,161,95,413
417,766,159,187,635,20,507,488,785,383,299,303
590,421,115,584,461,278,241,654,89,752,561,115
204,236,169,391,554,383,752,668,380,258,252,668
591,572,508,552,585,771,93,700,151,299,289,4
342,586,451,211,324,44,3,480,785,729,34,121
723,319,150,719,639,20,529,8,639,412,120,633
414,771,793,376,528,412,89,551,673,135,58,685
435,69,28,3,512,708,147,417,708,710,75,483
106,43,307,573,305,471,352,21,28,458,225,240
528,154,129,731,628,107,168,552,577,194,777,422
458,729,451,657,528,153,373,714,100,361,111,376
522,373,545,370,6,344,443,102,72,369,114,58
429,544,96,659,210,70,78,545,303,564,137,85
492,751,494,163,580,690,318,444,623,50,127,410
207,293,16,409,199,484,105,579,708,652,10,431
515,437,600,752,37,285,344,405,187,770,377,181
328,118,602,531,359,357,467,411,155,88,640,734
566,542,567,134,265,239,106,460,422,585,441,282
213,300,705,383,296,289,325,271,662,584,377,198
322,713,92,777,392,59,387,274,455,67,578,793
361,644,106,761,656,2,384,717,488,479,623,370
318,397,561,385,216,212,159,160,765,567,498,566
794,66,670,254,304,272,675,511,166,664,625,182
654,195,370,704,467,144,581,359,598,396,705,603
750,730,274,154,792,390,438,611,121,25,231,687
580,198,261,752,316,728,327,434,606,732,231,351
358,584,282,114,106,21,566,370,179,317,403,413
579,532,521,792,305,538,63,59,381,390,541,640
771,592,211,192,153,699,100,529,542,591,2,332
380,271,304,312,598,351,116,784,563,454,465,499
750,366,289,729,285,241,646,547,203,369,526,322
550,151,599,61,378,435,269,143,694,314,57,651
271,52,298,184,158,604,482,603,297,603,92,304
132,4,557,175,565,626,788,461,638,29,279,280
635,30,164,168,747,284,39,53,153,697,543,576
29,338,301,507,792,590,568,98,113,497,144,38
719,95,19,634,558,174,139,490,87,421,595,28
680,770,275,52,366,279,86,419,310,69,56,44
747,640,617,446,785,39,72,643,37,465,722,239
48,45,158,541,14,673,582,109,443,685,285,399
621,644,151,409,664,730,552,478,618,653,308,357
324,734,369,604,161,342,616,358,391,392,247,86
403,305,612,131,716,724,368,386,443,519,727,155
758,111,789,458,522,431,402,596,123,249,492,748
385,403,481,790,321,447,512,322,57,619,164,50
665,760,544,415,785,226,355,659,792,259,613,332
295,476,700,135,782,797,184,462,488,285,65,414
310,770,530,534,264,797,177,157,117,546,610,401
507,294,335,8,665,420,221,753,693,43,291,148
461,768,382,217,286,407,44,75,206,415,617,94
611,189,612,670,268,639,528,98,279,442,555,174
736,302,427,646,373,645,696,527,341,2,656,411
378,139,162,321,486,292,44,616,436,264,333,266
685,634,376,391,418,457,377,504,460,172,372,705
797,747,619,443,633,214,10,664,754,132,249,294
274,501,288,294,68,724,402,735,26,321,174,718
202,662,756,202,557,345,406,304,132,321,571,329
587,79,586,23,642,516,710,609,375,564,560,281
724,197,61,522,454,72,274,570,62,514,59,544
221,420,293,104,240,227,25,180,191,478,181,570
264,653,359,383,791,131,791,697,94,664,532,150
24,545,160,604,603,15,195,495,300,770,154,430
546,779,679,252,539,642,342,275,445,683,132,158
268,791,69,303,20,471,328,635,546,215,534,719
652,580,472,706,350,711,473,539,11,126,475,464
657,126,291,627,335,711,673,88,430,510,229,149
581,167,267,359,631,353,669,407,310,740,518,470
739,64,7,754,206,289,376,55,225,173,670,446
648,659,561,422,320,209,328,215,2,733,566,176
644,793,235,70,515,142,796,216,259,42,224,104
618,571,470,636,384,638,735,669,175,226,570,496
571,530,317,142,448,106,786,604,417,191,12,220
90,78,753,247,214,493,268,248,703,403,268,92
615,104,415,7,235,100,480,777,396,503,207,456
527,468,183,438,381,264,88,32,554,418,501,505
731,684,488,290,203,452,702,782,439,546,126,625
707,647,556,644,79,109,609,229,320,668,354,674
599,517,46,528,673,319,769,413,750,243,782,142
538,126,659,194,572,635,147,638,317,576,54,455
139,12,90,16,151,675,245,731,600,456,768,428
477,643,463,734,156,297,544,57,487,500,140,576
270,311,384,752,651,549,120,69,560,417,651,172
453,569,424,569,328,697,136,732,458,392,22,36
455,471,405,337,414,202,196,268,99,466,430,546
139,704,443,349,640,799,800,439,32,709,82,229
55,784,307,360,368,712,140,290,504,162,587,288
274,748,201,454,518,189,54,65,591,787,11,606
284,773,404,85,52,594,35,466,65,606,730,270
236,118,379,114,792,283,143,408,155,401,647,741
580,728,470,733,430,61,161,494,408,214,798,612
760,347,453,30,82,701,34,800,800,723,595,611
365,707,371,601,676,84,119,228,79,726,410,623
389,294,287,526,795,129,336,543,323,282,55,603
650,55,780,33,9,658,762,783,542,600,174,514
58,340,412,105,218,504,467,93,508,780,392,354
229,593,201,216,502,636,605,597,672,466,7,7
609,584,159,560,583,750,691,45,431,56,484,544
44,326,716,293,108,383,466,146,710,540,737,653
530,397,129,204,53,229,179,316,729,364,328,791
275,62,298,246,453,103,381,240,562,664,400,172
685,615,128,724,215,714,702,633,441,22,787,345
375,455,290,246,366,763,531,794,445,64,202,568
13,740,428,764,328,522,616,14,663,558,170,42
204,236,568,479,619,539,680,606,698,649,18,187
764,144,559,96,784,435,19,11,337,308,738,507
715,761,51,638,516,208,394,511,479,154,656,488
335,401,49,223,792,545,392,374,26,513,313,428
711,535,420,601,484,328,166,400,723,574,178,416
704,619,715,588,704,186,698,558,521,56,102,7
150,576,79,370,468,220,321,510,777,248,544,118
732,57,586,116,687,58,296,62,267,153,458,510
445,263,665,143,548,782,360,233,520,459,110,276
742,439,755,415,629,492,66,589,483,530,554,109
518,694,417,100,776,182,89,504,342,705,765,727
625,227,446,283,544,771,354,431,78,332,71,668
778,772,47,135,784,653,106,504,203,516,43,644
411,101,187,472,588,281,555,341,588,86,445,14
339,361,399,319,442,135,514,673,569,647,109,201
542,350,718,723,714,700,739,362,524,502,493,209
136,120,462,444,205,341,66,638,225,445,19,16
276,508,289,589,438,107,281,634,292,657,127,442
154,20,394,167,790,94,45,609,287,534,581,466
571,129,21,718,304,489,322,245,453,571,442,8
15,242,191,652,492,123,409,477,498,385,749,686
90,779,219,415,161,580,82,160,687,7,609,258
218,789,42,249,739,358,208,622,621,692,623,774
266,565,589,97,195,733,291,653,698,244,184,566
176,514,233,338,703,189,292,36,22,688,768,87
626,657,435,511,781,251,772,188,391,45,315,645
236,517,406,562,750,15,762,201,535,738,247,620
213,502,741,688,275,583,522,606,525,21,493,696
440,733,140,424,580,203,648,387,683,457,45,259
45,600,480,617,696,142,247,97,147,399,779,291
500,228,512,53,312,110,85,173,729,315,18,109
633,490,103,627,534,296,751,417,470,228,188,12
143,22,116,420,288,552,195,552,330,247,283,688
645,539,666,732,581,496,73,424,544,729,394,200
464,303,332,152,8,687,799,439,31,473,198,349
73,188,712,489,708,403,369,226,211,56,577,160
136,782,285,52,413,232,433,309,322,147,90,629
198,143,447,106,84,564,598,362,135,299,163,436
42,245,91,686,10,207,2,111,66,339,624,391
452,123,147,641,117,200,517,499,525,554,371,151
430,634,213,168,31,436,585,645,226,627,46,481
459,594,119,471,356,22,545,596,725,554,531,426
114,101,194,26,698,28,763,697,381,131,780,657
560,393,262,178,458,583,147,595,573,750,183,260
433,82,798,28,773,98,381,278,395,233,212,734
695,34,750,665,726,483,449,773,308,414,143,95
767,261,677,381,71,623,393,476,109,478,648,383
429,718,40,227,467,519,199,164,503,403,583,296
72,788,292,404,115,110,26,721,83,79,496,556
795,312,419,236,102,436,672,432,119,204,75,228
497,517,43,311,141,785,667,74,778,41,158,640
652,313,763,36,435,223,564,611,770,505,765,165
240,204,325,260,645,475,607,680,565,733,227,378
499,556,6,465,771,43,4,444,329,151,515,89
725,133,351,221,105,126,665,311,347,229,14,261
590,247,379,278,697,721,141,787,37,61,62,637
596,760,51,372,497,66,122,618,147,393,727,617
75,224,615,361,240,594,468,191,221,41,394,37
313,381,259,172,469,159,93,240,390,145,620,489
308,368,390,344,23,578,303,270,515,209,348,195
325,76,465,529,340,354,212,107,387,225,302,734
496,74,375,666,201,460,791,736,784,698,231,712
325,433,486,381,297,617,470,531,609,454,424,712
414,59,473,577,196,402,778,190,224,82,514,375
555,588,118,783,620,248,651,344,457,136,545,316
515,721,47,488,231,107,648,527,627,14,128,365
720,426,536,222,152,736,499,443,532,12,86,473
691,104,791,626,752,112,264,232,757,720,52,257
522,646,572,422,303,192,503,656,399,564,167,176
532,729,503,524,45,790,447,65,615,474,598,711
640,370,316,754,366,214,238,556,91,100,14,111
593,793,404,404,200,45,641,140,159,178,249,753
95,561,224,577,599,792,360,92,679,62,632,133
537,570,233,313,26,677,350,648,433,568,423,519
277,569,77,698,667,39,700,324,567,793,680,319
413,650,378,487,794,267,82,351,468,709,632,764
421,690,689,398,604,588,262,174,196,536,65,472
94,84,182,352,431,187,497,176,767,49,143,651
123,475,798,403,306,51,356,315,591,363,670,77
225,693,199,562,318,348,118,205,782,482,105,41
51,72,213,365,664,103,512,686,334,696,672,470
167,800,395,214,458,717,651,410,509,280,543,74
742,692,569,637,738,123,234,364,518,157,40,333
447,23,192,552,217,457,18,681,310,501,36,625
161,68,189,306,35,488,743,11,337,120,522,594
408,106,142,17,313,423,179,468,657,795,553,631
662,583,550,332,58,566,254,612,201,401,301,151
115,18,497,32,694,349,680,190,512,530,124,764
691,489,11,143,153,221,122,488,796,347,45,473
319,515,179,150,708,394,448,153,601,453,491,143
654,249,741,433,325,127,743,45,136,555,14,794
330,543,356,407,691,665,723,113,30,405,280,456
712,368,397,578,519,644,406,381,711,667,380,778
637,163,277,150,225,374,729,732,592,630,104,686
584,197,104,48,613,400,148,458,304,50,483,230
114,439,617,140,678,268,381,285,371,598,439,631
476,341,534,434,119,111,575,640,763,388,543,313
169,642,290,207,389,576,640,58,594,691,230,39
401,177,145,12,478,441,510,248,659,197,492,518
683,653,644,304,183,253,669,503,125,69,182,765
283,540,577,558,337,297,474,347,575,662,336,613
55,742,19,129,122,673,264,670,767,710,56,28
653,437,420,556,766,567,662,733,555,472,9,202
264,137,247,160,767,763,738,324,18,144,4,174
548,789,99,294,178,617,725,132,37,619,253,424
614,215,489,552,164,27,673,608,2,499,635,683
766,457,174,632,227,294,255,231,68,246,301,184
326,649,548,796,316,495,23,796,769,616,241,259
745,717,567,283,202,532,400,677,530,695,543,515
493,585,486,643,764,40,168,354,671,778,101,690
291,52,371,258,509,34,485,672,538,430,492,194
138,653,656,28,281,120,239,610,134,595,335,333
683,638,379,723,286,698,132,179,674,540,191,620
130,601,170,332,545,708,93,262,775,226,773,708
170,498,339,98,713,276,8,170,594,688,568,637
7,427,700,145,458,90,691,797,412,239,479,506
120,313,510,73,401,75,488,146,405,123,292,168
255,262,206,2,730,2,169,398,560,492,588,206
604,475,365,523,378,88,242,260,249,364,504,117
178,298,491,489,625,249,767,737,536,347,189,466
218,754,455,746,96,750,712,731,196,193,660,784
250,711,153,345,565,263,348,539,244,545,540,486
153,511,607,362,27,293,662,190,342,416,374,341
788,609,684,317,619,280,280,669,237,178,730,72
592,379,387,524,263,164,100,561,677,69,661,748
761,245,421,368,625,213,687,502,542,215,558,109
470,541,244,777,518,678,398,515,681,339,462,441
33,634,761,427,753,788,442,183,192,134,708,267
214,383,3,676,566,789,785,319,782,289,75,29
227,755,614,123,246,137,226,331,579,170,533,728
639,652,73,46,195,586,319,582,52,104,176,266
775,251,431,448,540,17,261,628,471,755,100,239
375,17,256,450,318,553,558,436,318,623,688,716
258,655,286,458,578,383,765,312,184,753,525,58
259,658,286,517,748,113,794,456,539,188,428,297
589,354,135,338,459,746,491,680,103,678,712,435
142,544,192,612,310,269,494,229,703,532,452,675
744,299,92,576,376,103,134,379,193,717,545,98
558,639,546,424,201,588,550,570,156,32,125,244
764,521,565,18,539,327,550,228,94,443,800,531
464,599,617,373,537,134,67,67,457,667,39,499
688,575,334,532,100,32,294,447,797,340,487,244
54,565,518,793,36,229,365,336,277,87,262,708
109,175,154,82,590,667,309,341,162,136,564,482
681,510,163,167,50,639,263,557,328,682,359,32
60,217,476,611,474,652,582,678,692,800,490,510
485,516,221,715,127,784,172,796,587,798,307,639
436,256,293,749,168,173,264,740,505,343,730,205
524,305,436,769,570,101,289,144,521,772,308,86
238,131,292,61,117,448,166,503,488,629,687,216
575,24,155,497,770,148,314,530,688,667,455,303
24,362,564,68,546,781,85,48,619,708,722,124
484,89,48,344,766,605,606,585,607,446,786,249
637,326,507,596,352,352,728,277,410,23,557,198
126,43,498,754,510,462,106,495,267,465,634,33
449,772,38,171,18,661,354,576,373,278,195,799
417,725,383,516,158,193,765,401,385,168,175,673
68,181,258,440,214,621,182,794,530,551,185,407
205,655,333,138,500,211,722,665,537,160,27,596
768,271,73,247,632,606,783,377,28,695,35,401
507,542,333,498,64,281,164,225,469,22,123,143
175,13,161,460,341,169,400,399,55,516,354,644
357,655,780,101,330,559,759,41,234,353,254,23
656,175,595,727,101,394,520,261,5,45,198,604
62,462,670,673,633,379,193,625,732,475,439,159
277,474,116,559,571,527,704,536,396,725,465,541
527,244,502,417,339,572,618,351,150,358,188,124
318,56,7,331,419,284,171,147,7,337,449,323
452,635,437,98,407,398,471,688,681,230,795,549
656,181,107,323,602,557,267,30,272,497,41,525
789,599,502,402,681,796,335,512,737,153,533,420
680,401,562,201,83,236,678,468,204,643,73,626
70,614,742,17,595,42,103,149,383,143,386,492
442,72,758,190,123,669,481,576,26,193,343,146
592,387,800,617,222,320,606,635,469,671,214,474
218,437,325,683,698,457,350,584,48,658,700,273
518,446,365,692,767,182,585,732,282,50,548,492
677,472,677,114,537,466,581,752,469,672,587,654
562,569,414,771,221,745,458,538,459,583,30,439
497,104,474,555,489,158,423,751,534,396,602,63
537,255,412,749,370,712,789,647,343,9,548,513
483,384,70,359,624,708,351,462,152,701,327,223
241,444,568,681,478,57,761,151,659,542,440,110
356,550,352,393,319,70,615,18,617,622,70,558
152,307,507,575,428,299,150,786,57,484,18,141
459,20,99,255,3,502,586,153,683,507,61,696
231,3,480,276,796,500,405,352,651,786,365,168
369,172,28,126,744,485,270,95,703,313,156,470
214,21,515,512,750,516,714,567,573,54,136,741
520,739,689,431,747,549,203,175,30,236,68,598
122,325,429,774,58,64,479,620,441,528,551,716
321,492,346,501,527,663,201,620,643,94,415,623
656,135,779,62,597,136,392,72,140,524,260,655
760,224,401,587,302,662,435,350,46,93,285,45
548,519,219,691,340,222,335,576,361,402,296,612
791,756,195,572,416,327,541,283,201,741,232,483
579,225,119,369,571,657,47,608,25,286,390,771
457,124,736,454,688,542,502,212,267,459,784,186
683,432,447,468,565,567,746,458,74,442,438,692
595,358,89,479,421,174,497,370,71,137,564,766
37,618,465,740,692,226,623,771,341,370,128,621
430,405,719,672,739,288,719,472,20,328,767,140
790,7,507,143,149,707,526,172,738,635,269,730
340,428,25,674,152,404,682,598,453,115,281,28
551,108,59,85,534,394,70,767,734,126,197,673
755,505,411,10,328,314,159,365,710,726,432,172
146,25,696,66,731,363,732,791,320,470,241,32
736,545,113,284,669,36,674,656,515,337,366,482
83,683,76,524,347,757,735,312,600,518,777,440
10,111,628,155,706,792,92,544,446,516,750,143
259,682,175,536,296,466,788,340,430,180,796,648
494,447,40,567,562,21,760,371,435,290,538,328
254,717,775,150,454,118,514,690,13,209,181,544
712,40,476,166,619,228,458,782,502,215,411,699
726,767,118,603,352,229,50,754,457,646,434,313
648,74,703,622,451,85,548,51,154,49,785,778
328,657,275,127,46,604,728,700,237,369,678,401
503,607,540,290,102,656,277,598,152,380,321,189
5,759,146,228,24,635,766,334,282,149,676,407
781,510,322,439,354,254,365,301,673,622,750,381
622,301,429,352,307,681,691,556,659,27,173,184
405,377,593,614,482,476,418,778,244,713,353,482
767,186,641,567,352,780,22,438,469,395,145,6
62,415,252,192,427,215,320,221,541,342,338,146
645,764,139,113,713,680,5,55,208,85,28,362
143,373,119,751,328,126,205,657,751,373,565,206
366,557,7,708,748,336,643,159,568,117,274,396
370,521,622,574,467,212,346,477,265,24,15,82
123,49,526,156,102,111,172,238,379,762,504,482
624,427,380,594,764,157,104,404,590,687,162,460
480,257,188,167,143,484,545,250,322,428,230,461
378,503,421,269,40,5,716,450,79,526,537,313
658,102,152,334,528,643,617,787,459,789,566,488
516,90,86,358,85,609,584,465,749,507,332,725
764,392,677,325,608,299,219,359,402,636,689,580
697,58,110,399,760,448,588,741,128,401,157,533
270,304,195,526,66,297,127,467,201,164,411,418
306,638,794,606,179,89,386,408,220,6,420,141
478,17,554,672,100,580,236,707,722,521,266,563
293,113,414,69,648,453,12,213,234,485,153,300
200,273,121,393,171,632,243,333,107,582,746,412
466,268,341,101,286,2,378,204,242,391,411,639
498,651,149,701,638,637,687,257,197,762,611,203
285,246,462,574,85,18,94,37,239,367,517,186
164,785,265,11,679,788,265,356,639,661,534,418
80,554,491,721,632,114,279,345,338,163,54,783
571,292,484,306,751,501,533,691,143,444,104,262
229,346,181,639,437,773,532,35,521,286,259,520
70,749,511,787,742,258,793,776,85,611,715,308
275,606,125,140,162,336,627,592,723,347,759,573
475,53,86,766,603,591,495,126,630,700,500,277
782,443,33,466,475,73,45,90,173,135,439,318
148,70,360,328,308,654,220,482,592,522,546,622
639,387,634,323,391,679,19,673,734,40,458,191
536,714,39,251,4,598,30,75,110,673,510,329
501,140,700,529,167,667,612,447,210,144,455,795
306,613,135,308,281,255,195,674,686,356,20,278
645,548,171,531,245,364,228,419,484,285,396,359
551,236,57,376,770,487,85,237,130,328,189,767
102,189,636,396,191,384,567,730,234,475,373,332
744,86,165,550,303,709,611,44,32,377,395,789
456,329,798,419,706,546,14,342,373,393,593,216
501,66,94,450,57,485,327,719,653,770,555,297
457,498,439,247,147,60,419,571,258,388,294,755
446,780,399,438,345,593,92,490,347,235,311,590
121,485,510,695,695,554,347,87,334,477,697,142
656,207,761,615,676,791,487,420,140,300,451,404
543,758,81,233,780,87,461,503,660,138,263,437
348,262,450,541,745,365,114,482,774,42,612,713
193,512,468,56,472,11,546,700,429,714,167,768
786,665,7,352,786,24,759,338,29,61,354,588
600,676,77,55,285,427,200,425,85,230,313,531
592,465,514,498,78,790,80,266,571,183,201,288
722,694,723,76,511,392,89,330,360,521,470,206
93,184,465,480,307,610,690,475,365,479,618,693
14,469,58,60,783,324,487,190,364,92,566,757
479,589,19,274,697,592,139,582,704,275,465,402
422,699,247,203,153,465,108,122,583,331,410,9
30,344,133,604,152,561,718,742,50,703,20,347
242,768,127,559,785,729,574,93,603,508,214,767
788,146,63,141,773,797,295,287,692,2,442,105
476,581,558,563,326,799,275,707,265,428,354,73
508,260,212,524,572,72,789,769,94,110,182,134
63,109,242,755,493,188,234,756,187,182,450,318
84,217,701,487,618,84,37,14,616,115,529,380
399,777,287,713,699,216,605,672,507,26,66,15
268,750,244,115,264,310,349,366,633,790,401,99
339,268,511,181,360,422,95,439,499,567,469,160
226,493,143,105,144,670,384,544,386,678,321,718
513,290,362,333,663,129,219,109,262,514,605,271
297,789,190,695,707,551,334,154,45,729,216,382
151,650,33,677,87,225,56,742,641,442,227,42
574,684,438,724,242,79,668,458,259,551,392,560
49,375,138,484,515,535,242,439,354,766,213,709
678,612,100,744,421,505,206,202,507,664,329,41
437,412,160,663,283,549,186,670,358,550,7,54
116,18,178,9,364,404,7,292,194,128,707,577
572,779,678,346,408,758,206,615,301,272,499,353
621,446,738,236,238,645,741,497,636,475,173,86
474,72,622,611,51,279,236,648,763,637,93,15
703,505,168,185,588,688,62,767,488,406,670,136
3,15,741,751,505,128,431,44,373,438,435,481
532,634,350,352,441,27,668,758,45,737,508,789
189,12,414,80,294,408,596,331,161,114,243,263
133,327,747,119,412,480,598,712,435,777,491,177
229,434,125,380,788,520,629,249,86,193,747,579
430,546,107,469,258,716,336,146,540,219,85,85
246,327,608,427,252,74,172,4,565,699,63,114
172,544,728,129,649,391,524,767,781,671,726,40
423,376,378,731,768,154,547,687,62,271,410,622
153,435,187,36,461,82,485,784,28,582,455,685
421,392,473,10,463,291,43,534,677,118,633,371
322,714,666,112,17,528,544,436,383,223,5,299
624,467,491,658,558,8,651,376,114,800,308,224
51,783,348,541,743,604,5,417,459,547,652,216
136,178,209,412,740,614,264,248,488,292,739,700
423,311,300,614,5,93,439,446,657,230,96,294
564,610,259,199,458,522,14,418,738,172,444,566
432,42,96,729,784,244,673,97,692,167,140,42
622,155,199,56,288,377,189,544,20,667,746,332
19,548,596,266,72,554,478,126,29,47,392,590
333,306,55,491,403,396,381,314,782,316,243,335
461,538,246,419,661,438,601,312,349,328,768,74
788,496,632,522,299,145,86,633,641,644,310,400
175,72,306,403,232,235,662,437,50,658,731,728
229,143,219,684,491,448,277,792,643,351,741,646
566,568,282,516,124,246,223,659,474,670,648,305
697,94,389,762,22,540,651,253,736,215,364,159
172,334,319,664,281,109,381,107,498,785,506,535
181,464,474,467,769,166,308,476,243,243,469,682
651,333,115,770,476,605,46,195,357,245,47,502
129,50,286,381,576,498,286,197,576,567,362,429
352,603,632,649,256,537,550,562,684,597,192,621
82,75,464,446,416,383,52,757,661,281,479,61
415,192,262,276,172,667,768,533,100,131,635,313
631,77,694,384,162,658,511,522,537,136,76,746
133,121,409,528,15,177,13,209,509,630,112,72
477,723,475,793,471,58,79,5,768,94,336,638
301,324,145,393,21,616,705,351,369,276,35,355
144,339,62,184,757,636,667,321,8,595,773,68
330,427,58,432,163,75,279,274,635,364,415,176
473,452,467,17,760,426,433,89,67,319,556,363
646,482,51,210,86,640,262,122,714,672,501,160
219,155,493,152,30,422,799,372,612,288,134,373
48,203,242,721,508,21,727,476,189,784,386,246
51,488,539,488,289,656,305,309,166,302,715,380
509,169,750,775,495,214,425,754,150,437,68,87
780,45,260,296,683,493,511,265,92,378,546,199
589,495,424,790,374,480,475,129,426,119,337,267
612,776,471,468,194,339,670,615,142,482,765,200
112,90,600,484,731,412,327,289,395,420,174,796
607,149,295,658,604,433,273,431,498,639,368,741
340,443,287,562,628,104,732,8,166,792,167,251
21,177,436,137,86,484,796,704,713,257,340,285
66,484,415,267,590,286,244,31,363,690,451,754
713,475,221,726,186,721,240,3,431,393,344,716
732,768,33,135,724,132,712,486,632,664,147,299
62,492,678,178,51,199,20,449,693,473,455,291
304,597,341,447,538,386,238,572,185,149,36,343
45,301,519,130,492,63,466,103,550,731,625,655
639,95,282,130,496,133,159,153,456,781,123,684
330,564,357,445,644,751,490,558,591,133,63,452
118,504,736,155,347,201,701,562,357,87,23,169
507,242,62,597,739,488,105,252,106,177,763,101
51,662,302,345,158,438,485,121,48,475,763,329
195,399,570,67,587,464,69,703,480,519,774,224
538,637,454,791,598,282,369,429,40,425,41,567
372,782,564,678,489,199,586,18,723,101,241,675
68,515,628,56,144,785,287,654,661,215,361,288
448,625,693,667,277,567,525,230,626,366,264,297
735,780,187,341,366,581,439,354,463,665,471,522
494,201,401,332,782,43,475,653,610,568,57,62
534,399,208,433,613,576,104,433,579,70,5,192
696,793,597,798,480,500,79,697,619,519,44,792
165,579,586,352,422,423,629,88,432,102,60,531
696,22,231,684,485,591,334,423,37,745,697,336
324,298,785,772,454,613,68,362,617,542,149,366
190,330,458,650,733,513,95,784,381,179,278,339
131,668,584,458,473,482,317,701,505,771,104,467
32,764,638,122,487,516,110,772,472,387,80,79
627,594,288,306,205,616,24,313,198,221,687,561
481,696,37,115,761,345,143,253,210,394,31,717
612,508,160,585,66,287,693,409,693,481,354,168
707,444,605,90,357,339,274,799,51,389,220,619
696,482,630,616,526,529,758,724,135,471,204,561
478,413,281,410,105,396,90,639,287,127,224,227
539,112,451,319,4,409,193,418,407,602,229,310
454,604,316,595,220,210,485,373,503,256,755,51
350,447,324,182,258,416,730,448,135,222,702,796
590,489,702,746,494,686,717,783,743,466,761,159
40,436,741,117,368,375,286,493,253,367,44,28
533,271,477,307,519,531,251,767,258,275,183,241
425,510,136,312,139,169,498,594,122,214,329,535
199,777,349,473,374,28,260,361,546,774,588,647
545,68,29,441,638,336,632,147,555,489,456,682
540,492,581,553,464,762,573,190,134,209,472,611
796,767,455,191,790,673,441,265,545,343,267,799
574,29,394,681,601,307,283,771,136,209,651,143
795,511,433,614,227,31,524,572,798,554,683,580
588,629,540,187,581,368,308,179,308,185,412,69
188,674,283,733,792,654,189,308,492,788,201,731
138,551,495,2,40,201,309,399,765,44,57,157
257,637,637,413,208,65,606,116,164,762,257,156
426,52,766,149,95,518,328,409,744,572,526,579
653,415,130,299,326,490,98,423,759,702,671,660
435,515,240,79,697,405,148,589,410,16,130,384
768,448,555,657,600,98,460,680,753,371,603,791
718,381,279,269,668,420,98,553,299,649,194,46
720,48,326,443,41,271,145,176,702,135,759,334
700,268,744,468,439,81,269,513,417,705,534,426
491,478,520,403,350,671,378,648,630,647,151,676
108,290,391,717,705,452,740,423,508,652,78,618
566,785,186,606,354,528,565,391,375,731,357,488
657,38,642,439,647,621,131,448,630,172,26,59
788,747,436,317,794,238,776,20,639,649,274,598
728,118,629,454,627,169,184,635,420,724,718,202
177,376,707,468,281,605,201,109,755,203,567,56
223,137,129,501,333,380,2,674,769,144,575,661
70,491,635,320,266,691,397,111,160,712,261,47
743,384,291,310,488,86,224,321,705,590,272,274
473,506,105,176,474,203,272,751,360,272,475,616
764,737,127,290,310,126,66,638,333,759,601,104
257,261,150,300,12,387,500,304,129,707,528,56
132,483,570,305,566,118,338,733,595,535,626,276
573,435,335,213,743,341,11,244,360,707,349,401
461,400,459,134,700,92,384,525,432,173,3,372
326,287,677,261,44,541,542,328,28,63,695,729
428,337,698,117,641,564,399,625,219,587,324,675
193,248,573,594,242,558,318,543,221,23,214,500
422,230,536,23,190,630,498,12,635,254,600,577
766,324,542,599,168,79,304,27,637,347,247,332
96,752,12,104,231,430,361,10,601,303,712,141
490,776,321,589,251,679,642,399,341,649,437,165
189,506,169,461,503,252,287,576,56,9,668,79
82,198,568,494,440,4,718,759,723,152,648,470
660,120,20,500,46,406,47,478,754,107,64,467
421,523,230,640,676,631,478,481,501,383,276,726
280,70,427,383,685,54,723,405,55,149,272,673
372,664,499,299,529,8,340,761,206,538,460,357
114,554,75,58,394,530,153,442,407,450,305,115
668,127,705,323,333,220,321,65,306,779,182,726
673,286,87,464,269,630,16,540,736,632,571,112
389,327,795,303,382,636,153,251,793,484,582,212
531,326,428,792,522,619,531,747,396,657,191,471
672,87,158,745,748,723,31,575,540,634,235,763
623,565,318,791,785,439,418,86,106,748,475,503
688,639,797,155,164,377,274,602,597,372,425,159
339,447,282,153,85,130,280,385,130,27,606,508
681,588,613,669,246,94,731,257,126,597,110,349
220,492,101,356,410,793,314,308,534,318,256,655
469,393,186,253,718,158,795,660,221,582,486,693
644,410,245,23,197,199,316,21,143,584,131,659
712,457,709,588,144,265,23,710,214,506,799,110
65,450,89,314,130,428,297,486,642,249,264,360
556,619,774,657,95,777,167,666,447,315,557,154
20,659,512,330,553,635,12,431,72,479,54,607
681,220,202,776,318,366,423,166,261,349,213,637
414,173,681,628,158,579,478,764,63,96,174,629
370,423,794,343,287,377,132,281,567,774,501,231
46,408,308,314,168,582,375,305,609,123,699,540
222,109,794,557,553,133,52,170,218,233,716,48
739,366,462,283,607,38,402,243,456,5,756,51
180,52,77,53,792,365,393,221,463,389,8,563
672,382,631,795,662,473,347,33,346,60,149,591
194,114,44,494,202,712,654,709,746,171,4,319
633,710,771,313,75,219,672,464,378,144,408,793
536,387,405,230,399,83,91,360,784,158,593,102
468,500,112,294,160,113,504,782,242,634,361,93
349,466,292,690,707,620,771,202,524,389,541,317
691,130,652,160,341,87,249,162,346,296,225,588
767,230,551,425,414,729,473,707,333,519,778,720
646,689,353,511,420,145,780,670,572,529,731,175
233,123,347,277,89,14,7,616,698,269,289,771
455,769,209,49,599,273,283,173,255,488,102,11
499,417,128,94,650,500,321,81,67,590,463,411
111,518,137,62,471,720,658,251,653,429,6,69
752,585,432,154,179,729,155,210,556,417,198,313
206,204,697,457,657,590,257,329,105,284,117,342
655,457,55,192,323,76,92,66,590,184,687,51
200,240,609,607,443,194,622,736,180,697,416,770
493,377,440,706,799,239,547,684,100,677,397,646
393,778,70,408,345,654,705,233,402,218,352,721
317,172,158,274,139,434,731,782,525,451,379,623
19,22,363,18,210,27,687,512,59,474,784,756
581,198,147,694,276,521,749,96,258,698,487,191
283,790,709,257,238,461,434,138,512,25,111,117
193,474,473,179,652,461,552,660,736,159,120,296
782,638,505,676,597,84,579,306,207,465,557,108
789,448,135,651,591,171,527,239,25,376,563,769
584,138,272,275,88,723,655,439,151,18,138,75
525,158,583,631,278,462,649,606,51,128,380,259
32,69,363,716,592,401,94,358,375,217,692,277
576,541,565,364,368,340,547,724,408,479,742,521
252,446,667,506,525,476,461,793,64,356,354,212
764,775,69,418,251,476,55,573,228,115,230,271
86,330,729,268,701,712,542,391,800,650,131,404
279,765,481,583,785,566,392,183,316,291,29,274
341,641,572,527,753,185,617,395,446,524,246,780
675,363,248,676,607,261,722,609,342,8,475,225
729,651,313,444,344,236,504,376,33,576,474,617
571,478,115,365,783,129,600,338,268,789,668,725
374,268,119,734,178,373,611,290,284,513,596,422
707,282,750,597,174,281,130,14,752,630,602,190
790,718,660,476,597,215,764,787,117,596,292,439
695,373,98,185,346,694,563,521,278,31,264,348
255,378,628,373,258,339,787,684,695,281,168,709
357,733,165,210,163,514,608,665,360,77,349,215
592,167,606,504,470,705,335,481,758,374,536,83
724,51,724,332,245,506,432,167,78,407,194,427
624,431,350,629,740,116,471,38,93,586,219,299
83,427,460,303,57,205,602,560,57,513,774,401
195,761,278,785,367,570,796,623,136,381,481,243
531,759,414,793,9,212,500,654,535,310,114,561
49,179,673,740,47,274,650,184,661,140,57,568
56,560,700,325,440,113,291,133,66,65,228,501
555,755,601,461,219,796,330,538,553,63,88,661
699,773,357,643,405,411,567,607,483,612,527,682
641,73,752,755,300,35,744,360,431,53,205,552
24,480,152,355,383,770,511,307,22,525,436,519
368,215,743,499,279,504,432,375,252,554,732,789
381,500,669,647,798,101,175,40,581,283,429,159
735,48,406,627,310,488,219,56,502,35,198,172
375,343,796,260,75,489,722,649,221,606,77,44
267,525,525,205,187,495,230,726,160,683,729,586
663,312,653,191,519,314,668,282,689,202,398,285
584,430,85,142,589,279,684,752,56,276,450,159
22,493,797,749,301,124,422,433,768,159,449,188
200,221,353,273,798,76,718,142,344,100,274,486
254,171,260,119,783,687,435,57,84,561,440,727
334,357,353,150,277,408,552,678,507,766,388,450
608,35,269,671,515,520,749,630,376,265,204,422
455,455,567,696,342,182,622,356,786,310,631,781
357,640,339,666,247,502,641,532,204,420,163,649
98,55,104,261,627,403,65,61,303,294,49,46
104,418,452,238,51,342,397,365,262,56,267,308
782,537,541,587,185,31,633,284,196,400,741,140
477,527,547,225,335,201,17,205,86,57,92,317
266,114,516,122,755,398,516,466,19,474,657,598
200,212,232,656,553,585,618,758,711,569,360,432
148,363,227,723,458,352,402,589,38,276,181,708
386,545,7,765,75,349,375,621,358,95,323,188
419,100,361,353,13,41,783,374,173,757,540,669
215,338,400,325,284,582,472,321,575,442,390,263
341,264,15,624,473,477,740,528,91,289,315,712
525,299,746,176,78,526,702,196,444,81,5,351
184,161,522,544,788,235,668,295,741,401,537,580
370,683,722,37,778,472,436,121,233,25,45,604
648,488,798,624,476,697,7,380,361,687,564,747
63,510,191,230,56,534,357,267,37,650,751,10
739,799,247,626,307,555,221,469,472,44,777,666
781,702,17,693,140,780,417,6,570,505,581,770
460,474,674,234,310,169,479,700,588,260,438,766
766,435,312,404,754,293,455,124,259,592,235,290
307,414,386,578,183,591,582,325,235,425,177,596
34,494,118,273,261,750,754,42,185,753,270,35
706,297,664,424,696,266,271,665,516,244,94,537
529,258,591,486,116,235,340,78,55,349,643,304
541,470,791,139,93,138,438,693,399,758,207,287
322,140,46,377,580,16,577,575,188,62,672,780
379,20,792,352,417,4,56,372,46,603,673,465
743,167,545,505,774,494,54,697,222,373,546,236
641,415,220,443,8,256,791,101,415,712,141,347
411,471,429,106,58,254,717,340,771,763,498,165
642,98,628,46,605,644,408,33,425,569,798,585
449,255,586,236,622,81,429,591,605,578,187,636
521,259,514,520,590,428,614,40,660,261,281,404
220,569,188,261,49,4,362,103,722,530,10,350
172,668,244,442,757,316,675,694,620,500,720,326
227,319,520,738,767,745,457,264,96,581,790,119
23,185,114,390,618,93,536,301,616,486,522,66
767,651,664,71,491,358,754,345,756,126,407,662
206,488,662,47,129,741,750,267,167,484,81,312
533,161,189,329,12,539,405,233,331,672,630,94
732,723,274,299,791,333,55,251,244,686,392,125
316,311,209,176,230,305,600,632,720,94,300,560
119,451,197,65,668,533,544,395,466,568,616,188
207,242,335,762,447,668,413,437,202,272,648,473
216,462,177,180,183,316,467,135,178,638,395,409
549,693,668,449,487,576,385,672,16,512,528,695
251,205,266,276,293,72,88,176,398,593,570,194
419,265,337,354,227,566,717,123,441,770,205,407
330,18,184,418,473,646,472,299,780,734,784,745
767,265,121,135,78,132,317,583,48,572,218,91
664,217,93,94,69,125,139,380,754,130,798,450
286,137,325,236,324,767,582,429,746,221,770,73
666,638,10,459,108,294,516,379,711,531,138,791
336,745,170,224,367,698,29,296,649,77,471,36
551,68,351,522,52,717,623,677,510,555,621,458
323,576,434,31,764,98,597,29,85,709,249,733
453,518,773,699,119,32,556,59,86,701,717,453
31,216,739,642,508,696,349,333,395,264,778,392
309,735,557,694,630,278,297,21,622,358,764,36
681,386,788,515,753,92,754,744,362,701,630,208
786,40,126,226,421,497,732,159,34,463,328,396
386,307,237,442,516,116,662,418,780,148,783,130
315,740,617,562,52,324,52,799,142,88,389,199
666,766,159,58,592,9,74,177,90,75,200,463
516,712,705,789,426,105,120,533,281,265,90,68
99,536,388,658,708,150,259,156,419,555,497,708
38,727,705,571,569,432,35,731,318,609,129,754
331,252,456,583,281,500,205,47,133,10,484,77
320,51,394,573,253,642,541,353,479,116,139,470
135,765,24,393,526,254,372,577,583,713,631,619
206,749,18,312,191,323,453,640,345,34,190,178
449,663,412,258,525,210,96,422,232,799,126,546
268,396,118,5,687,544,452,285,189,344,755,22
134,165,776,662,349,632,100,67,641,125,781,583
15,59,549,475,737,81,772,367,46,9,493,318
564,240,478,218,243,46,178,543,421,592,308,392
167,380,470,724,207,120,658,539,142,587,689,446
107,24,79,75,119,720,796,36,770,517,178,500
400,596,53,259,784,422,736,47,286,407,280,739
266,122,90,304,298,391,259,316,729,754,435,514
509,438,335,516,623,652,661,58,20,629,245,570
11,402,442,364,583,126,482,522,785,530,505,798
671,327,352,272,22,81,484,573,40,422,486,507
780,500,688,597,698,236,113,687,40,317,763,581
232,356,27,202,258,223,737,56,499,36,56,259
518,272,319,424,278,596,37,684,109,733,39,708
719,204,277,387,398,753,22,176,518,66,650,736
350,788,658,234,593,107,625,348,138,699,174,325
668,2,135,763,166,229,60,10,681,152,530,738
514,152,52,36,196,115,430,236,57,159,126,500
300,15,762,358,568,378,546,748,705,262,188,464
337,795,419,746,172,204,724,368,347,81,704,695
49,45,503,439,151,150,617,240,772,719,334,383
581,560,611,120,284,687,574,573,754,168,425,430
163,186,486,618,395,525,287,620,210,124,267,672
208,543,127,742,632,623,277,722,713,287,444,589
516,242,260,754,440,255,651,35,331,710,230,283
761,755,368,79,363,465,463,185,772,497,5,336
716,411,216,588,287,477,736,604,133,675,113,704
740,318,743,566,557,615,28,621,681,126,167,335
361,114,568,673,275,360,790,91,677,462,484,316
684,542,327,189,37,564,255,702,754,355,90,386
510,633,409,199,588,533,137,337,486,68,541,755
212,793,541,540,172,415,760,254,401,669,779,596
173,55,568,144,380,142,780,760,63,487,268,791
136,606,515,271,615,629,592,585,166,307,518,136
631,333,238,462,798,504,98,253,72,663,798,734
420,709,716,792,696,362,316,327,294,629,146,284
482,280,411,689,169,376,79,512,7,413,707,337
481,631,790,299,764,539,639,230,296,725,553,331
312,619,568,85,549,376,119,94,520,57,334,638
419,71,552,308,439,714,262,481,261,764,399,217
709,242,626,66,130,399,653,645,47,741,485,379
423,471,759,132,289,234,322,300,693,407,449,571
477,245,47,425,701,727,634,308,275,721,400,187
47,645,506,491,661,480,229,15,458,611,222,392
545,713,24,237,347,786,435,440,147,324,486,789
607,340,279,263,541,655,221,265,172,374,703,358
392,707,138,284,412,511,742,664,134,202,238,659
212,632,33,689,195,696,477,704,45,345,161,773
789,720,168,674,6,356,781,302,368,492,734,669
708,204,566,350,570,707,135,302,400,51,216,573
279,380,446,571,181,86,82,793,783,495,402,666
690,625,757,399,3,504,226,790,73,598,292,178
407,157,537,123,688,692,718,215,11,617,177,91
358,461,385,63,241,101,620,613,506,321,88,705
510,363,226,8,580,660,167,543,554,647,541,553
10,671,544,76,53,468,536,464,800,442,477,596
698,87,753,436,351,165,687,478,513,274,675,23
764,160,19,314,315,485,178,143,799,762,595,715
295,141,376,464,652,710,224,773,765,635,294,270
750,384,635,332,305,580,488,161,196,769,194,427
565,670,99,331,151,574,567,542,96,530,503,218
795,730,401,661,312,551,550,417,595,718,333,90
416,771,250,142,778,516,726,561,500,724,613,471
673,377,535,305,435,648,309,381,105,359,460,544
710,450,279,267,347,710,461,753,491,29,214,494
484,497,129,439,290,189,89,427,765,564,404,396
334,32,172,457,765,485,145,743,593,708,498,648
532,786,355,52,134,377,226,215,44,412,628,247
655,150,273,624,658,25,109,797,151,274,427,586
790,212,691,650,764,634,93,338,735,115,785,100
718,632,139,634,147,202,303,80,702,492,333,406
220,56,413,211,666,584,162,743,382,478,157,414
751,544,364,765,609,447,439,280,483,616,714,6
636,217,75,353,421,511,746,535,405,771,124,482
3,533,596,534,800,743,490,408,711,781,597,678
28,764,509,640,244,279,166,766,43,548,647,95
490,124,196,338,16,124,75,462,737,484,60,299
90,240,255,397,531,605,380,591,12,185,434,124
278,13,441,315,465,119,549,465,20,787,442,660
701,528,755,635,383,615,649,449,325,714,664,62
267,185,655,764,550,559,742,691,141,198,139,136
554,249,336,204,403,165,438,326,92,262,539,408
603,142,450,778,487,306,513,410,553,771,554,344
131,234,342,238,405,447,169,445,419,465,191,410
617,224,102,38,204,242,83,68,86,103,673,411
599,226,308,707,356,342,560,742,15,452,67,799
429,18,34,55,659,640,329,334,198,561,107,399
681,144,594,442,415,358,56,393,323,87,311,70
222,16,582,333,645,123,428,215,321,464,437,547
442,681,57,132,582,148,762,47,417,762,524,259
624,628,427,681,243,297,779,614,61,244,709,656
149,149,662,467,597,457,351,529,219,208,440,533
528,270,267,185,161,553,162,181,301,529,164,409
505,367,779,428,461,557,189,151,184,347,246,723
260,380,689,754,505,338,668,573,361,5,744,381
442,539,19,92,433,693,405,183,352,158,305,786
761,642,581,294,148,759,748,440,41,202,62,104
644,187,59,340,382,212,173,734,163,272,413,373
429,643,67,642,242,176,546,154,680,136,493,598
131,680,273,550,760,792,791,417,688,257,625,299
174,7,634,602,753,329,390,25,255,96,23,324
763,80,757,57,262,320,324,463,291,261,706,307
782,673,216,66,292,314,725,202,246,188,340,602
75,107,698,198,756,276,325,746,137,220,605,23
687,91,694,739,674,194,721,464,394,13,234,133
347,191,742,381,337,112,305,652,51,646,306,666
392,546,476,662,377,650,313,7,471,226,513,289
510,276,256,518,516,759,340,79,65,132,654,795
268,462,574,64,490,728,614,31,109,393,289,30
522,408,314,699,374,562,738,151,703,89,501,559
751,504,9,717,271,227,576,372,111,348,603,91
302,623,563,556,194,102,342,717,443,348,89,573
523,19,744,471,179,211,157,34,695,693,374,3
271,596,122,187,561,642,215,189,781,53,447,113
212,677,269,592,768,734,471,490,608,720,733,263
735,542,223,782,217,88,659,26,362,108,533,364
369,793,59,716,337,685,171,340,574,84,163,177
96,689,381,622,215,62,420,75,87,59,610,511
343,402,207,544,88,345,435,770,335,609,146,537
695,545,373,104,253,550,176,155,268,658,260,530
192,776,411,381,302,544,174,651,355,351,730,708
512,55,658,407,167,486,448,629,742,220,778,112
491,364,311,163,443,414,417,245,765,136,581,234
444,23,301,705,383,152,461,745,48,429,670,671
58,315,3,64,360,387,85,121,486,572,154,430
183,691,128,701,528,447,124,722,325,538,321,639
257,87,709,716,249,365,296,365,75,384,248,182
599,685,701,57,184,79,315,296,385,35,43,619
525,698,746,304,286,380,254,165,17,452,155,292
531,306,217,333,554,687,133,501,360,434,95,239
629,530,90,671,559,407,119,384,777,572,724,603
725,38,203,684,766,157,325,423,208,753,702,727
428,477,435,84,71,88,603,656,697,727,536,787
573,732,592,13,355,563,211,221,795,685,31,655
744,353,678,444,762,181,600,59,459,550,735,16
567,291,191,261,60,538,87,498,663,501,47,376
746,338,278,484,291,656,652,191,126,553,131,93
244,243,565,133,373,130,182,431,65,537,64,261
674,299,381,376,379,261,776,736,405,201,689,250
714,774,670,537,443,238,392,560,454,701,433,15
724,150,314,68,649,784,435,709,692,90,167,689
158,517,263,409,255,239,30,93,692,182,569,151
348,57,229,10,753,81,173,698,99,377,645,305
228,706,510,63,171,226,759,375,739,147,148,105
169,728,566,489,95,502,695,486,350,242,504,130
678,530,693,188,180,72,723,460,394,135,240,643
545,536,306,646,173,470,510,42,210,696,759,70
532,596,418,403,318,364,724,226,286,318,522,634
450,434,479,408,180,377,588,231,754,319,366,409
356,20,142,108,522,452,680,120,206,766,326,488
727,243,594,210,64,442,551,463,554,87,98,744
182,138,670,445,661,417,74,390,135,766,265,579
355,211,254,218,398,634,238,695,522,675,222,90
647,673,318,291,748,151,651,639,371,299,271,557
796,439,514,58,525,774,771,387,157,714,3,655
506,170,157,701,20,149,346,587,290,644,491,88
346,645,114,557,593,51,337,675,410,659,477,515
213,263,86,710,594,625,608,574,584,11,161,795
297,144,105,410,161,104,182,13,662,745,103,508
397,756,157,190,158,125,448,342,156,58,27,208
46,161,537,471,367,678,392,115,375,699,605,306
284,117,656,205,710,561,12,620,11,769,444,596
358,738,297,671,638,206,187,516,151,312,410,478
148,540,208,126,38,764,39,140,452,349,343,353
718,442,767,102,95,251,789,784,294,338,588,429
42,524,400,106,375,107,389,276,474,225,629,617
719,30,709,113,525,592,626,372,177,110,114,744
692,758,450,290,94,667,279,105,189,340,23,556
517,461,588,447,178,688,693,282,183,241,299,731
212,155,346,417,487,240,595,587,447,666,242,122
31,796,320,700,311,297,370,798,654,780,672,162
598,587,748,632,69,708,95,77,728,391,304,140
461,356,164,359,228,379,113,772,143,360,735,5
685,702,383,27,573,263,757,583,698,446,38,12
41,360,100,76,246,119,311,406,679,80,261,337
578,704,719,223,739,734,196,355,165,366,498,347
285,767,74,524,763,485,544,169,345,643,718,23
430,453,136,503,311,39,483,187,539,473,613,754
668,2,441,203,476,709,165,735,142,693,793,398
565,667,679,117,725,567,409,695,495,428,60,104
167,451,639,520,753,330,712,252,534,288,668,343
587,381,348,624,214,231,712,384,665,716,792,440
392,741,315,734,719,406,545,555,208,27,715,43
608,232,779,171,763,698,351,747,662,414,444,160
550,451,774,165,756,625,186,721,111,153,351,361
763,19,152,459,597,130,362,449,598,606,758,445
585,503,441,247,305,294,44,171,223,197,782,370
567,699,353,523,270,179,13,462,436,300,503,205
553,612,32,152,363,635,343,321,415,595,637,719
489,196,239,785,210,5,319,737,234,203,323,384
152,226,602,663,473,379,682,187,437,534,299,339
602,141,759,338,310,778,635,689,650,46,159,223
152,639,706,25,142,584,676,681,385,185,166,643
746,498,575,320,560,229,477,602,469,27,459,142
83,168,635,518,440,125,516,250,315,153,437,521
768,92,343,150,620,145,489,82,21,434,200,683
507,688,431,165,654,98,77,428,614,545,141,210
753,318,255,595,3,143,153,285,32,193,696,167
293,384,590,546,272,280,220,360,470,100,644,317
129,514,104,168,593,601,529,307,728,780,711,470
759,419,303,718,746,335,696,130,72,749,649,655
94,144,104,421,382,713,459,794,100,648,625,677
469,587,659,241,91,13,668,376,782,24,314,664
665,56,128,71,482,334,154,430,180,40,483,124
606,154,99,93,370,125,796,543,24,299,445,317
373,380,708,628,46,716,88,221,573,726,284,365
466,535,190,104,485,578,290,355,779,130,407,170
178,181,426,743,500,622,588,298,27,618,336,727
334,259,725,616,210,785,747,190,487,765,195,519
597,149,52,688,142,404,764,616,482,87,776,336
58,82,699,637,102,678,313,779,49,617,17,695
548,579,315,179,169,394,163,460,585,291,102,139
128,764,542,595,325,213,594,498,509,78,548,430
240,780,753,342,610,780,626,487,586,496,721,711
9,78,419,423,457,64,186,390,592,701,303,585
484,744,385,692,144,461,353,40,112,409,447,304
669,29,449,46,685,5,330,60,427,191,178,219
468,790,26,180,406,206,699,732,586,73,315,267
328,406,769,150,316,269,179,262,111,440,547,647
235,678,785,360,82,727,378,348,302,329,798,676
786,413,577,306,238,744,198,475,614,14,201,131
266,293,547,195,608,735,80,515,581,398,328,564
344,729,592,738,42,614,694,257,567,582,684,561
265,337,641,296,720,132,275,197,24,573,239,438
640,734,104,263,9,719,496,134,425,307,17,441
98,391,746,408,669,184,232,746,381,141,545,165
482,297,53,35,546,415,205,132,657,4,693,653
394,664,228,93,793,486,664,716,487,54,54,500
