62,103,651,59,663,336,250,445,367,787,468,772
193,46,671,177,87,799,226,322,767,643,615,325
97,411,718,64,41,618,356,331,594,2,544,173
415,101,412,717,56,779,551,523,587,616,755,422
161,490,566,172,525,318,753,685,776,787,121,668
679,340,766,281,397,487,397,232,141,321,404,313
252,335,310,355,701,501,759,628,276,251,120,207
644,798,449,127,162,210,74,522,437,608,389,53
381,353,709,707,566,87,56,386,452,587,700,557
357,523,551,282,398,594,142,592,249,175,240,465
204,307,587,410,320,767,369,481,592,89,529,763
577,219,148,706,645,794,518,668,548,609,63,80
347,290,360,289,790,109,293,601,271,685,524,332
227,624,494,791,714,691,179,261,717,637,720,252
448,731,667,113,254,543,203,199,567,479,340,513
279,120,205,698,439,303,244,65,703,424,621,276
442,713,459,602,46,337,93,321,341,7,214,752
41,515,510,485,464,526,446,75,598,566,121,79
111,779,20,266,184,457,38,590,237,508,185,207
74,354,560,7,470,623,172,579,207,408,586,780
364,300,384,291,569,415,575,415,284,491,620,321
622,448,751,350,358,428,627,314,406,93,205,67
409,273,479,381,735,320,141,310,8,607,526,305
15,3,569,541,482,58,558,415,503,604,145,277
681,263,599,607,313,339,40,283,711,313,110,212
176,506,488,539,179,418,557,665,543,629,478,351
566,263,495,171,718,82,255,613,18,262,150,16
248,585,473,775,777,21,522,341,383,71,549,437
366,561,353,178,424,26,516,747,584,252,429,167
354,758,682,625,39,491,338,703,38,349,322,177
9,201,781,794,651,608,415,522,189,359,114,716
288,278,632,559,314,733,513,96,478,579,614,765
550,470,248,242,53,768,598,409,46,576,760,561
222,570,377,169,178,792,613,254,574,497,244,396
580,354,702,91,575,297,368,718,113,632,623,710
524,166,98,322,704,141,222,237,448,164,526,35
204,229,299,252,473,616,309,748,47,640,391,138
252,144,309,48,113,669,108,69,775,218,706,732
377,720,315,713,280,599,689,419,401,160,607,109
673,160,406,382,389,505,47,632,688,197,116,252
723,476,555,268,687,777,168,451,654,323,524,573
399,325,688,399,262,558,336,273,79,337,294,284
406,85,570,738,178,544,727,563,481,287,669,522
78,76,14,59,265,305,170,657,61,281,442,270
553,55,224,153,23,472,648,42,240,745,334,227
400,384,515,54,21,720,512,173,320,429,91,391
304,767,460,248,70,509,150,714,43,267,517,144
494,326,112,53,83,48,9,361,432,525,671,709
519,343,666,546,543,747,119,70,436,410,429,564
767,360,719,79,460,278,201,12,653,399,740,769
30,571,147,688,226,688,461,471,164,752,701,132
217,673,448,241,122,83,489,306,178,495,531,549
737,116,246,357,227,33,512,100,565,482,753,723
54,646,93,766,425,107,388,607,654,232,464,257
339,678,596,363,521,611,635,395,205,144,409,646
722,644,617,742,389,183,88,411,668,601,105,642
771,549,198,575,201,200,476,456,359,166,390,173
776,737,36,730,335,225,696,762,663,254,259,397
422,743,403,753,323,140,724,475,9,141,42,602
157,291,113,246,327,92,154,349,36,35,626,401
751,50,445,42,37,614,567,660,327,776,258,621
112,669,701,682,701,455,389,52,737,10,51,210
285,327,82,490,762,194,177,675,324,247,285,180
549,54,441,62,3,41,153,51,35,95,541,583
187,3,399,196,310,350,296,116,304,233,170,710
118,381,109,662,472,187,407,408,683,285,625,17
36,663,499,789,200,370,626,392,635,785,798,504
792,415,562,565,219,788,408,644,365,550,75,796
287,246,217,362,765,599,416,601,113,418,757,496
190,258,274,384,187,604,21,459,404,257,53,402
127,478,522,106,759,104,751,605,674,428,533,434
441,387,227,724,573,773,36,268,302,478,574,753
522,651,518,479,316,639,340,39,129,127,318,91
756,488,391,94,291,72,660,72,730,419,65,779
387,623,386,262,99,678,490,28,712,374,464,412
205,113,705,554,231,613,640,315,25,775,211,704
116,676,263,468,445,157,36,647,392,726,628,290
751,299,601,352,714,613,343,537,30,444,482,27
113,182,714,421,666,21,248,376,667,145,624,349
466,457,39,449,98,93,174,561,440,689,577,104
375,685,639,510,798,162,59,204,72,442,624,702
55,778,86,179,112,352,471,15,211,439,648,31
146,247,691,226,27,434,456,331,34,468,612,236
537,377,526,405,552,745,797,488,561,427,773,463
716,365,114,230,26,321,301,403,394,415,96,570
120,488,188,523,254,354,80,627,15,3,371,561
560,454,448,599,189,443,619,109,653,79,65,217
327,408,643,479,515,408,519,232,164,382,8,297
65,600,702,586,168,509,204,313,266,423,68,671
400,583,73,227,218,539,26,198,439,722,272,676
375,380,623,685,330,65,107,179,613,607,338,433
121,377,262,285,103,534,575,22,150,464,447,102
113,183,213,425,222,684,432,511,484,434,283,89
264,173,693,620,569,403,747,429,648,464,282,536
352,329,360,77,651,720,36,749,224,206,256,400
790,794,436,568,498,757,526,467,400,318,180,389
484,315,275,125,456,89,795,156,51,734,306,282
754,286,495,672,85,786,461,611,520,794,735,21
70,449,72,270,333,694,169,689,212,549,171,143
126,125,57,264,584,695,540,687,746,38,666,452
359,781,558,528,766,470,291,141,48,32,346,85
376,488,43,750,115,164,583,223,86,569,402,183
52,720,381,611,740,353,172,526,339,528,251,354
82,326,239,751,83,72,417,522,760,745,307,251
373,424,349,553,459,69,264,416,658,584,463,367
633,586,5,35,262,58,685,159,760,394,377,96
501,320,725,639,716,782,343,123,792,252,172,329
267,502,236,555,583,646,778,127,440,457,482,312
777,448,271,149,256,124,619,412,109,138,411,138
137,249,724,538,438,269,490,622,78,63,231,592
351,428,324,131,244,42,125,137,484,740,702,220
242,132,204,135,41,555,48,301,594,695,310,755
186,457,526,336,564,204,641,565,130,431,624,222
402,208,490,271,533,555,642,711,50,380,704,382
575,682,789,259,392,323,688,486,562,548,396,176
147,16,444,665,787,260,673,319,407,730,411,675
607,580,690,220,436,411,290,307,189,199,316,156
506,464,126,340,499,237,84,94,794,403,377,234
453,743,757,769,583,238,226,344,344,729,513,531
436,403,570,759,129,681,6,3,277,173,579,182
543,527,623,410,731,119,131,695,506,61,611,265
561,491,480,609,631,625,468,450,625,455,649,349
575,58,189,137,343,430,367,695,87,670,695,694
36,564,694,502,27,423,672,241,778,629,318,42
286,311,283,727,10,146,716,134,509,131,434,748
35,193,742,383,88,533,430,413,342,590,762,373
170,262,264,410,239,304,71,521,418,482,625,491
733,145,286,397,185,494,362,105,485,64,717,787
93,397,708,189,254,409,673,574,711,633,14,754
714,373,636,205,221,530,678,569,721,770,221,32
216,137,217,179,201,244,150,185,131,624,330,554
359,171,468,645,603,617,50,741,702,594,263,308
384,246,740,173,103,285,306,775,164,23,645,687
694,15,329,95,572,455,563,569,98,255,765,690
541,387,112,734,488,584,726,748,202,145,43,707
701,47,58,393,650,759,68,529,596,371,124,27
556,658,195,271,178,483,660,88,435,451,224,773
140,196,155,494,599,724,654,70,572,148,238,571
731,120,577,319,176,710,76,455,95,147,611,617
63,711,445,672,536,703,116,395,221,588,691,726
489,363,39,746,139,273,604,242,35,728,363,352
115,242,369,621,442,529,779,735,708,535,173,355
489,422,359,375,778,745,680,512,753,770,714,29
420,420,580,497,646,163,68,425,358,681,730,471
27,573,305,333,733,292,62,720,253,519,511,226
274,217,217,66,627,348,485,502,406,554,83,28
568,304,228,356,353,703,382,233,148,233,704,404
172,442,491,88,740,376,590,317,796,551,175,402
46,287,407,733,498,772,362,680,410,774,400,562
625,537,61,739,571,441,281,455,94,2,758,499
165,347,552,506,792,467,731,124,574,733,668,48
683,574,24,370,71,206,93,358,390,588,107,333
379,661,417,255,702,792,29,571,720,737,354,393
563,683,639,574,502,78,463,96,702,569,230,384
115,712,422,363,469,197,624,220,407,769,300,83
321,754,395,175,394,220,496,111,9,523,567,679
33,184,797,321,4,711,647,228,560,295,348,250
48,615,66,498,289,77,682,408,440,244,787,141
115,104,357,522,47,210,51,242,708,389,643,563
754,170,301,46,9,542,320,322,344,298,279,262
693,308,100,522,332,747,132,587,250,173,482,426
793,325,25,306,88,756,506,63,557,785,202,306
210,600,585,689,238,178,232,184,629,184,603,128
238,414,727,37,97,529,323,68,111,475,129,394
689,30,200,357,99,214,69,625,147,141,396,177
475,562,755,159,294,452,264,746,225,281,251,568
434,677,211,481,355,6,495,230,591,278,12,256
496,715,141,559,436,249,446,64,683,181,532,6
288,745,712,23,768,769,463,111,753,456,776,292
568,313,533,149,176,713,715,493,491,410,751,746
780,8,376,691,408,759,571,47,135,80,404,599
32,150,725,641,741,778,642,142,693,213,763,416
729,766,751,97,316,59,273,377,657,421,74,566
633,670,272,169,677,717,118,293,719,580,486,547
645,727,305,71,88,403,387,5,162,542,122,183
588,579,295,647,740,593,296,584,500,746,424,18
482,596,74,418,422,607,589,314,10,450,372,214
171,311,17,771,466,484,616,469,195,251,9,796
669,293,754,664,264,630,584,157,747,577,352,340
316,559,135,773,499,340,192,293,679,507,147,748
784,546,625,299,606,6,300,148,373,197,605,289
135,124,778,574,170,603,281,93,435,374,185,76
304,327,782,122,227,430,281,792,132,390,609,548
543,779,615,728,220,706,191,168,649,339,459,465
722,393,480,168,799,125,601,535,305,60,67,743
583,293,429,257,540,467,12,270,689,690,187,560
545,26,373,727,708,581,784,675,340,499,609,168
343,719,418,407,30,648,754,759,390,650,234,355
691,284,293,307,202,593,676,214,69,584,412,706
464,362,467,647,786,759,60,282,91,52,86,642
431,114,700,496,111,236,699,11,210,40,209,110
385,301,76,374,267,493,660,132,65,531,692,406
463,605,509,405,165,268,118,185,43,742,629,45
157,614,761,120,97,235,240,26,434,667,379,729
364,505,579,631,42,593,738,110,581,741,46,419
39,537,611,74,9,779,174,91,769,330,483,648
755,681,170,598,337,324,342,532,543,203,29,132
40,232,499,459,274,63,646,652,216,450,379,96
86,37,755,523,641,144,356,393,53,643,580,214
510,463,287,577,234,473,263,406,407,692,712,642
95,637,342,728,795,733,754,505,433,297,568,439
250,20,87,55,784,250,674,201,283,224,514,402
701,209,228,349,707,407,68,462,436,196,671,379
420,755,324,670,304,278,783,336,274,93,702,721
163,146,787,309,759,279,17,357,135,633,187,678
762,413,609,185,365,341,233,74,434,635,422,154
358,296,377,492,370,650,377,466,174,483,112,461
33,629,52,63,282,42,143,179,388,75,81,690
608,440,123,632,653,474,325,10,701,537,40,535
679,475,651,387,10,763,162,672,681,707,467,693
96,404,624,539,631,798,491,652,232,141,332,348
220,99,704,519,270,79,146,247,239,364,297,353
6,341,591,410,242,289,569,200,425,656,293,254
195,759,616,45,337,386,799,583,89,376,186,703
729,518,174,171,140,300,282,90,564,169,423,227
713,427,450,163,705,637,32,781,688,794,655,518
464,122,305,431,244,71,666,33,732,179,678,579
464,791,199,244,678,180,238,218,216,639,554,578
293,557,211,83,462,430,222,436,22,776,713,67
210,133,718,70,320,770,393,485,308,314,724,343
37,101,649,595,238,642,11,442,680,42,76,666
347,241,523,296,279,399,744,206,554,58,68,47
480,308,692,722,375,610,313,596,794,262,604,552
10,535,628,596,794,573,514,92,475,251,456,15
129,714,189,313,227,24,485,38,4,513,160,179
208,72,105,662,443,339,42,181,353,58,342,628
734,697,629,587,121,455,333,280,433,396,442,576
385,245,73,509,651,683,257,41,149,552,601,400
220,226,54,461,124,267,243,219,789,89,760,427
73,39,627,391,390,729,612,97,85,119,172,698
474,70,183,445,392,402,240,599,70,421,434,387
230,90,154,498,487,468,216,476,651,417,204,2
77,26,580,557,460,151,423,213,526,119,44,284
773,192,244,241,672,367,468,52,643,351,117,688
465,579,514,7,166,673,184,84,375,467,770,449
672,14,33,554,722,757,68,16,688,51,612,405
138,599,222,441,249,691,714,345,565,442,298,63
54,129,413,233,611,779,30,478,154,594,435,260
679,235,117,473,470,712,581,797,443,15,189,52
711,441,65,576,720,465,428,391,472,476,763,677
258,86,512,247,741,318,410,364,251,591,566,701
740,480,243,162,225,30,305,215,270,694,644,603
272,572,202,89,772,59,532,752,336,459,226,315
793,183,773,758,133,443,789,663,260,476,519,511
37,723,252,436,362,98,448,138,337,529,344,655
340,15,191,137,339,192,657,91,204,546,441,631
159,9,546,283,379,358,628,561,115,265,66,534
126,344,576,470,528,247,100,715,282,654,614,59
19,55,725,18,392,376,179,617,546,706,168,529
568,221,70,719,64,465,200,178,332,467,359,766
239,424,623,90,142,543,390,98,606,685,768,11
654,791,208,224,446,69,154,641,612,557,438,13
736,362,250,348,438,657,370,159,518,426,64,430
431,539,501,737,466,372,38,495,648,441,183,288
116,725,67,783,571,545,330,636,89,25,271,88
235,752,769,474,8,60,266,469,105,550,61,508
400,216,535,558,402,601,132,86,213,542,640,644
469,517,37,665,151,361,120,375,686,707,217,178
503,79,401,696,365,477,193,340,605,477,86,530
766,629,329,298,655,91,178,298,776,388,606,511
107,659,756,267,406,206,674,597,707,645,673,262
426,607,473,241,164,646,503,783,241,745,208,366
682,42,551,204,400,569,117,620,433,81,113,63
775,263,596,316,213,205,5,221,738,79,678,71
194,564,724,200,451,175,646,318,317,464,111,336
102,126,591,745,434,322,54,143,165,633,545,656
579,775,642,792,317,319,542,247,279,746,4,227
762,705,456,414,451,449,17,299,437,719,95,162
237,375,102,93,107,663,663,261,214,128,151,421
769,611,707,35,234,386,491,476,332,747,206,740
347,643,77,582,709,431,745,742,667,644,192,470
303,559,207,400,580,633,137,52,578,767,702,292
532,50,770,726,655,243,785,510,786,70,277,319
469,188,584,254,184,582,582,436,706,463,444,551
36,726,627,108,53,479,583,726,464,282,282,435
107,326,54,461,451,678,51,393,506,136,489,134
199,468,509,607,54,369,385,642,72,689,668,791
307,499,493,777,188,86,727,375,88,359,549,651
668,207,618,298,708,263,23,57,264,218,488,471
737,612,313,602,192,214,584,677,478,646,530,791
48,583,63,165,467,716,368,789,264,498,389,149
226,600,108,355,27,401,136,6,29,100,469,467
749,375,686,506,130,419,337,285,591,20,317,171
504,278,155,738,672,44,46,385,346,313,5,708
322,405,247,408,392,641,419,137,314,402,623,75
342,688,798,89,582,375,793,354,450,347,789,456
81,456,535,458,783,169,124,378,786,369,431,423
298,715,466,799,5,507,542,652,377,35,202,243
788,298,646,120,325,331,34,388,598,632,323,170
61,69,794,92,539,137,265,503,383,785,30,225
311,208,384,198,539,609,132,351,386,176,775,376
702,322,725,82,90,408,547,457,185,767,273,681
528,97,444,613,236,229,41,533,558,624,317,282
269,746,603,367,130,368,11,381,682,655,358,4
734,79,397,138,404,517,713,275,461,433,338,484
502,629,48,586,332,286,677,55,12,744,565,328
342,780,241,9,775,740,691,520,108,475,226,261
489,706,312,448,88,572,639,178,469,5,77,49
576,268,116,309,235,658,645,560,399,736,193,671
353,137,183,551,329,120,770,683,614,554,786,344
608,672,663,369,76,26,201,659,205,385,435,488
577,207,9,403,590,405,452,548,529,166,433,241
545,629,272,565,457,473,301,253,378,371,85,300
578,711,773,661,607,505,473,679,750,440,506,395
702,56,669,626,430,683,303,306,464,745,79,227
222,737,182,533,476,439,509,612,369,508,375,24
449,127,564,55,265,643,9,278,444,659,197,707
344,660,640,127,105,565,362,516,435,390,253,666
122,75,318,717,23,267,559,545,363,379,112,486
706,530,366,305,323,530,47,638,240,28,109,389
205,204,493,512,453,203,686,536,407,87,268,683
44,434,645,39,527,187,792,581,85,761,470,678
226,468,38,415,266,768,470,433,621,400,129,331
296,469,105,47,50,364,735,609,368,754,2,303
28,731,452,323,659,446,411,158,377,343,451,181
601,641,236,588,683,649,789,588,108,418,504,366
589,237,212,292,32,51,78,682,77,426,235,715
167,63,504,462,275,43,332,104,30,450,530,37
99,623,68,275,374,319,357,416,397,738,41,63
104,284,798,182,335,179,541,750,199,446,458,600
402,146,722,509,569,171,633,338,398,183,435,439
597,154,378,560,503,119,258,152,530,357,142,39
684,749,388,263,145,275,144,161,426,578,565,68
262,56,637,94,417,307,512,128,570,225,117,153
431,309,700,558,724,28,11,660,508,716,454,105
621,552,386,646,46,80,80,703,319,663,651,608
74,635,458,339,718,431,471,301,734,653,54,524
512,698,344,39,459,701,365,159,412,530,715,501
184,56,794,610,255,507,174,321,607,610,18,350
765,404,416,543,45,104,590,780,213,419,429,549
577,92,776,668,139,498,320,270,487,741,166,336
83,752,483,250,550,506,110,404,520,79,325,421
23,66,275,322,243,639,307,735,182,487,498,290
76,178,541,258,314,519,203,195,601,217,525,260
656,710,634,498,637,49,79,348,204,194,709,445
280,702,272,219,215,537,445,451,124,633,191,230
669,48,744,173,77,380,703,733,496,400,317,206
629,537,596,323,548,171,265,223,720,4,656,388
41,372,553,418,519,44,398,649,117,777,491,186
297,559,197,285,737,118,209,725,676,788,403,218
459,460,704,210,618,322,734,208,404,461,175,48
353,6,157,547,625,578,212,316,83,3,317,167
75,701,583,463,360,480,449,355,155,86,163,58
321,782,3,91,570,90,655,385,443,661,379,548
165,294,729,58,782,230,577,327,142,292,464,551
502,216,358,386,127,165,140,244,794,210,789,331
103,492,35,606,783,60,737,447,583,723,64,797
499,262,422,447,544,164,116,518,179,415,487,204
179,201,607,603,732,204,717,198,348,549,653,24
666,151,285,56,349,113,642,352,327,663,302,591
772,83,617,792,525,741,594,532,158,225,518,779
564,291,734,256,129,687,388,410,180,476,590,119
750,127,219,336,633,132,724,476,612,542,80,138
41,365,96,510,213,660,501,585,527,739,56,412
559,28,629,382,328,474,520,14,657,788,294,590
565,70,467,426,218,80,339,773,530,234,163,558
447,730,46,244,53,25,669,139,789,235,152,406
205,731,278,243,718,703,256,777,667,591,348,437
425,224,771,625,142,498,558,653,687,631,143,481
33,156,388,744,4,592,410,257,571,149,377,356
273,680,33,674,573,28,761,656,680,533,8,534
231,584,546,162,783,506,727,134,338,35,476,776
138,327,788,294,406,116,485,13,456,302,201,308
360,692,143,278,494,140,519,584,491,164,171,210
284,72,520,671,751,58,315,304,552,306,529,698
144,780,767,9,334,258,605,307,64,415,113,10
581,767,624,53,129,744,446,666,351,43,667,371
543,696,472,517,195,539,622,365,263,387,314,116
658,752,489,274,726,467,588,249,748,255,244,644
708,26,623,380,127,523,704,574,497,558,27,611
654,306,505,119,285,88,711,294,83,704,233,670
267,713,58,15,185,694,196,144,591,686,204,423
363,767,27,4,158,387,747,368,446,348,661,176
115,581,384,114,7,165,315,727,82,164,329,310
662,720,583,345,88,83,316,734,522,345,511,475
249,88,741,88,721,454,277,694,17,229,666,106
296,67,741,635,122,767,671,731,9,496,365,153
503,437,307,31,318,650,504,624,222,419,105,422
68,710,622,335,517,696,703,682,443,628,157,754
309,9,383,448,558,150,426,549,442,670,524,126
244,655,719,50,767,773,577,55,644,552,171,329
261,651,46,377,54,24,682,409,376,142,175,22
670,340,446,314,660,756,214,275,537,672,776,772
644,483,452,554,300,442,535,397,215,732,396,34
155,738,602,657,23,495,383,778,695,177,776,763
17,229,193,294,741,568,716,551,402,417,39,338
70,634,654,135,643,651,534,82,314,110,390,698
124,414,692,557,227,121,234,425,565,247,101,54
582,471,272,656,292,364,649,122,233,373,451,215
164,535,796,578,577,17,216,728,744,703,392,278
64,542,435,768,422,793,795,337,760,477,645,370
729,146,792,319,9,601,3,771,328,426,423,598
412,85,428,782,391,197,571,120,741,574,23,119
445,301,518,188,428,319,708,657,148,598,229,786
418,50,122,510,284,315,600,473,757,383,252,639
694,357,368,719,553,509,257,571,162,16,576,472
577,573,629,183,630,782,479,356,776,21,458,243
432,2,669,309,386,577,472,445,226,4,187,564
219,145,233,302,45,26,784,427,544,756,305,48
743,269,213,169,326,380,23,119,451,82,762,610
255,229,631,306,205,472,417,303,796,280,735,667
713,180,268,723,501,137,499,78,483,308,482,207
566,795,658,6,739,125,3,712,550,184,207,614
776,135,584,463,154,341,800,175,545,763,721,687
143,526,163,347,134,687,436,620,12,562,25,770
682,12,664,202,179,341,665,595,790,97,597,468
26,277,695,798,782,275,216,276,521,478,357,98
96,559,628,406,76,241,527,111,329,61,621,279
124,393,385,747,619,154,109,678,201,544,319,323
725,409,266,126,754,683,331,197,299,39,605,452
784,174,697,588,375,555,12,632,331,288,185,464
253,724,330,347,640,285,254,672,712,772,443,593
4,771,704,230,690,503,217,653,781,689,590,218
107,387,756,318,429,252,510,125,500,207,131,532
46,36,628,680,544,403,164,190,745,279,84,71
684,76,217,293,278,635,149,432,378,665,175,604
128,273,255,329,461,59,134,99,454,48,351,495
729,506,119,7,173,327,557,56,23,674,486,694
670,283,703,633,557,140,221,180,17,604,758,318
658,124,588,564,27,552,149,667,686,334,226,728
650,298,150,644,224,563,320,548,87,45,601,348
265,4,155,477,130,386,362,94,657,64,698,323
688,494,362,482,210,37,436,213,247,290,487,484
429,137,560,139,643,167,796,40,136,18,31,249
386,788,230,439,338,47,635,731,378,660,464,487
290,205,205,6,44,408,497,638,692,103,41,603
78,497,419,412,678,705,344,185,457,440,231,349
451,380,584,211,728,19,366,789,145,95,548,738
250,564,669,614,202,516,281,796,648,575,785,609
154,685,556,315,496,349,291,30,484,121,375,125
554,90,367,604,466,695,605,411,4,164,339,687
534,567,689,420,723,352,407,779,451,590,790,734
202,232,596,684,222,118,713,407,401,535,572,632
484,436,238,291,416,5,239,650,101,587,121,536
243,36,717,522,18,633,546,541,682,733,488,137
480,447,358,680,340,210,137,67,40,44,779,279
138,271,449,466,592,339,38,43,473,403,239,106
556,304,589,211,291,283,294,100,642,727,758,540
435,616,464,362,299,130,743,265,77,209,743,13
528,322,13,312,596,656,314,727,302,260,16,103
798,497,186,624,383,742,743,374,659,223,417,195
9,550,580,657,617,300,794,297,728,660,277,354
783,552,82,738,575,97,687,786,294,49,220,392
646,654,255,171,425,129,751,278,448,46,504,376
601,63,275,446,314,123,63,557,791,248,89,155
259,37,609,633,193,121,97,574,701,643,589,30
68,141,724,655,294,582,716,663,225,706,110,156
378,620,513,648,6,567,44,283,111,613,301,38
578,601,238,548,478,294,396,420,258,256,601,560
177,436,198,113,309,18,227,117,549,380,570,542
185,511,705,140,338,276,455,551,476,380,455,390
300,295,575,730,462,445,171,13,458,491,243,396
105,665,421,398,536,511,563,628,537,653,414,35
243,13,413,680,63,41,765,636,108,518,399,626
486,161,319,300,673,88,405,22,201,589,74,668
198,450,601,137,346,388,4,567,433,605,770,436
36,67,523,104,457,619,502,409,379,686,797,270
614,441,766,324,11,232,219,395,444,708,605,317
711,111,213,728,432,767,575,777,506,324,546,321
738,470,706,2,351,334,158,104,393,358,783,61
109,79,353,533,122,526,491,84,63,15,525,597
282,63,473,2,256,735,240,173,268,95,600,717
399,6,630,102,592,684,225,710,42,130,617,562
659,474,648,428,540,118,668,514,106,598,349,266
237,493,698,156,262,461,171,253,273,48,18,242
492,662,10,679,54,792,603,408,348,659,110,697
720,352,605,738,417,200,314,679,594,131,438,378
369,572,464,348,325,330,36,428,375,798,542,740
440,329,122,556,138,655,88,607,313,85,756,245
350,216,4,261,30,76,9,516,267,324,80,33
188,119,374,371,702,753,7,75,531,301,128,311
559,121,361,395,41,208,637,779,600,351,403,500
104,69,334,727,187,88,563,500,24,304,401,771
597,38,446,569,359,749,576,633,395,320,607,599
93,125,334,751,602,338,279,264,574,252,323,154
395,392,24,82,687,450,255,178,412,795,366,648
765,15,565,694,440,731,726,761,721,606,379,550
490,407,126,478,307,68,163,629,498,750,401,394
372,508,643,399,586,436,489,197,137,685,251,127
449,288,214,576,397,58,272,705,229,112,58,52
703,11,783,727,124,219,55,795,491,484,384,404
211,449,526,345,287,748,488,480,184,797,364,268
573,131,613,11,215,572,703,491,118,189,682,764
203,595,24,138,247,568,402,655,18,720,35,440
680,461,131,187,619,359,106,131,360,242,722,170
103,673,334,626,255,182,61,677,303,597,252,120
698,598,113,546,650,392,673,216,338,720,302,734
82,338,264,51,286,175,664,655,319,133,761,53
440,607,489,135,62,491,153,584,334,663,782,772
740,341,249,359,759,727,126,37,548,590,782,794
255,112,134,544,244,553,546,371,795,372,369,712
48,769,704,605,160,283,103,349,532,749,89,632
234,151,551,610,655,745,48,115,649,766,496,628
482,234,334,103,162,505,441,226,358,483,324,87
174,31,97,664,430,214,448,442,152,335,423,785
718,446,342,317,351,167,798,457,469,605,306,301
337,621,768,414,764,375,98,395,292,226,335,640
408,632,532,136,504,618,625,732,196,563,168,755
577,314,723,638,724,787,530,173,199,340,193,513
535,95,735,724,242,92,284,5,380,429,599,109
303,431,717,705,341,471,776,338,758,676,344,464
485,771,595,668,483,661,197,686,225,64,411,467
750,572,453,427,250,687,660,52,379,193,564,313
593,371,663,272,583,22,329,135,383,101,323,17
425,341,379,670,632,235,192,743,227,485,281,90
37,340,331,452,464,426,520,322,439,42,405,597
302,117,328,666,346,267,483,711,645,80,432,664
215,257,582,319,200,728,695,483,200,305,220,113
237,528,72,522,441,147,590,755,123,298,336,546
571,596,666,206,472,545,5,657,202,593,655,439
721,720,707,10,751,254,447,764,121,672,117,572
426,115,120,308,638,224,617,777,564,516,252,666
577,146,310,721,765,443,247,757,800,264,495,361
739,474,94,86,424,274,70,36,16,518,427,473
128,159,223,47,713,354,346,606,38,745,218,52
448,4,444,240,291,776,383,455,573,498,51,298
673,513,651,249,10,556,150,352,689,524,24,165
667,420,8,14,108,701,153,630,90,417,524,776
14,291,294,776,252,303,428,677,649,55,538,371
571,295,10,11,652,213,197,31,686,457,310,640
770,795,55,755,695,253,704,282,76,92,102,170
316,452,285,684,238,578,590,753,349,71,350,29
545,350,472,636,665,137,155,311,378,451,13,395
378,33,653,26,410,399,326,717,458,95,750,81
736,127,204,116,684,722,433,52,451,57,790,611
66,216,191,756,20,559,444,15,502,280,542,41
88,718,222,711,363,760,650,564,196,265,795,654
441,451,297,53,640,652,393,414,583,550,38,757
650,235,533,269,459,526,81,574,18,255,654,134
45,701,712,746,768,500,788,220,428,178,395,608
209,689,525,383,226,51,196,24,311,597,610,485
163,782,153,434,260,340,799,571,505,483,393,579
253,729,643,781,216,354,547,337,80,244,145,30
550,160,147,179,385,298,201,476,633,787,355,223
340,157,72,44,158,790,422,636,759,665,629,82
461,739,410,319,744,360,109,28,516,271,700,33
157,91,196,552,639,499,784,265,267,489,675,254
189,214,119,144,377,497,183,658,401,474,103,559
749,508,734,509,710,248,252,221,683,117,82,522
594,776,549,186,598,658,466,189,345,390,18,142
56,431,399,747,382,617,119,784,245,159,225,640
767,693,728,364,458,735,75,403,195,142,23,199
372,394,599,667,123,135,620,135,526,557,424,88
681,703,395,629,182,644,633,769,790,684,51,128
717,343,208,317,724,10,366,100,17,245,307,129
166,208,590,642,750,650,513,794,252,178,527,267
71,36,57,459,717,100,187,759,492,295,499,523
473,14,694,640,142,122,449,171,157,78,705,161
699,104,622,199,339,540,312,513,530,562,741,529
763,223,707,389,358,188,133,586,131,121,707,88
279,343,760,155,222,339,508,496,554,697,743,520
547,24,284,407,515,736,264,357,770,535,90,114
323,398,750,744,602,128,108,750,640,236,532,10
540,475,497,443,449,598,303,249,476,507,71,609
581,228,767,195,387,7,600,83,418,283,369,416
368,271,251,265,422,506,80,2,573,207,60,305
338,254,575,206,598,400,426,658,714,668,293,151
359,360,312,533,654,741,261,625,324,700,669,402
286,69,130,199,171,136,786,360,687,232,643,311
82,326,782,287,621,81,418,274,413,462,612,60
659,194,724,120,208,223,627,233,675,199,397,723
534,136,591,704,82,78,102,42,194,635,439,205
365,336,223,523,649,728,747,121,362,525,777,650
580,230,243,372,165,383,28,121,56,11,156,233
155,92,675,21,534,180,756,112,78,511,383,666
518,568,355,280,296,412,554,156,228,385,215,514
360,318,80,273,602,12,42,260,566,522,797,738
445,576,87,399,382,628,767,605,45,750,669,71
531,88,686,755,678,558,211,258,527,628,411,522
656,50,379,619,54,642,361,354,643,96,488,185
384,631,481,411,725,575,414,503,700,590,662,136
293,636,750,63,462,93,220,612,739,651,27,6
263,309,333,168,577,167,565,507,769,159,680,240
596,694,633,415,785,800,778,154,643,113,301,3
263,564,389,361,574,372,260,467,177,16,190,733
328,374,176,732,368,243,276,153,697,523,14,105
188,2,494,697,296,211,307,541,363,321,507,109
408,517,359,186,5,268,461,337,309,436,550,394
154,637,689,126,169,136,110,797,706,78,39,448
569,115,629,757,567,579,252,53,726,727,398,514
276,413,304,506,333,107,364,228,235,415,625,675
355,230,429,744,161,178,441,55,179,391,42,463
131,595,274,229,425,22,607,485,148,277,748,436
712,77,128,625,134,163,303,418,712,222,568,406
664,174,728,188,500,307,547,434,565,800,323,513
434,200,253,780,151,298,27,376,425,164,431,776
726,570,3,706,235,629,450,758,424,647,233,91
211,505,647,107,185,84,592,384,348,151,797,598
151,262,491,424,502,219,689,307,60,94,583,375
580,738,732,242,524,202,327,706,761,146,162,436
564,308,552,76,256,50,506,276,727,428,514,296
174,93,519,146,342,68,364,754,517,402,504,699
566,2,660,56,605,543,129,530,121,340,690,350
632,209,89,454,421,582,738,732,231,273,3,416
218,762,689,420,94,14,702,22,370,597,590,51
329,247,785,376,157,796,385,130,493,164,23,451
122,768,573,759,457,270,552,435,611,599,599,565
340,126,680,543,605,432,584,21,209,412,785,629
135,40,684,685,112,501,151,601,151,33,770,115
706,767,588,237,586,782,641,339,261,172,352,789
420,25,651,570,148,553,441,702,757,206,9,623
65,792,406,123,657,781,82,500,100,72,130,172
259,100,320,456,694,655,378,643,37,222,36,166
245,153,689,726,369,469,242,68,250,79,43,471
424,598,105,279,432,399,376,388,423,417,129,98
186,388,318,102,203,580,111,711,49,382,544,9
699,172,762,245,660,38,250,264,485,643,569,550
605,80,617,10,767,553,534,690,218,178,474,141
701,528,129,15,796,2,95,497,212,329,690,499
422,238,390,122,267,285,13,433,223,73,204,310
389,331,404,770,362,545,379,334,287,355,644,615
799,753,650,515,64,371,443,290,294,213,758,565
18,662,794,748,629,208,177,457,651,642,680,592
713,604,679,381,710,41,12,341,341,221,438,763
378,46,695,370,778,67,749,92,30,655,797,393
632,462,489,157,137,351,310,223,339,481,137,154
356,275,213,757,42,735,421,558,199,156,600,82
741,363,418,769,87,709,545,83,388,493,235,442
495,135,527,32,342,537,93,105,409,167,327,598
371,43,564,518,518,422,766,426,172,779,105,414
171,613,249,20,181,586,81,685,773,429,81,246
535,435,144,87,420,67,686,166,747,464,636,737
163,110,24,664,706,250,715,167,364,102,394,451
113,19,147,645,442,679,30,663,209,117,256,465
549,288,108,199,523,111,263,64,412,623,392,51
523,409,112,227,405,519,413,312,444,487,332,287
753,228,161,182,687,240,571,778,792,385,787,765
194,491,494,450,533,23,714,524,678,53,677,22
301,419,328,317,424,300,210,107,372,119,234,633
706,24,675,455,364,231,338,431,784,156,390,12
154,627,657,188,390,697,225,196,22,259,428,375
455,173,213,350,344,401,76,9,169,222,181,335
436,214,406,283,89,427,262,242,82,593,616,665
68,747,742,290,71,543,736,544,740,548,643,121
353,611,672,750,610,276,296,483,436,476,191,65
187,79,796,432,471,724,585,57,700,420,567,457
79,754,352,480,291,473,4,6,39,243,17,325
647,208,360,669,295,290,106,143,302,731,365,566
324,159,488,165,512,245,632,264,512,487,136,394
356,221,740,294,734,174,109,204,35,381,528,746
227,407,89,152,769,678,268,722,178,333,757,434
563,718,639,537,243,288,108,507,472,441,444,105
745,641,725,80,388,454,239,67,631,669,567,74
520,524,308,584,237,710,159,588,43,311,706,319
749,490,633,68,11,377,135,486,475,351,22,524
249,244,350,413,277,370,289,668,522,283,27,756
524,151,396,364,191,509,47,563,394,475,325,691
346,68,527,589,743,463,766,561,230,570,274,666
507,429,400,621,494,701,489,113,36,462,266,433
91,441,435,490,374,494,630,425,17,208,557,465
662,283,397,5,438,680,493,409,9,679,778,66
623,356,501,249,379,355,603,85,300,573,349,656
665,789,710,726,558,45,45,658,480,355,433,658
212,793,113,172,612,86,339,605,643,294,119,565
654,543,512,792,517,443,639,568,485,553,414,33
432,777,775,554,567,750,121,712,396,724,261,548
485,121,5,486,712,604,135,282,669,56,493,730
186,461,67,589,774,212,431,559,465,674,176,523
547,5,611,552,613,516,675,754,23,425,197,308
330,516,532,179,567,391,401,524,169,763,371,87
171,523,772,160,755,782,331,481,229,420,489,184
367,537,559,201,257,462,586,24,98,568,592,322
792,338,596,751,167,251,684,78,412,526,16,566
418,587,18,184,577,507,363,449,373,232,124,95
240,353,362,4,192,355,337,720,399,136,466,259
519,420,436,114,750,221,522,619,278,639,660,622
692,440,432,396,419,72,482,743,52,646,330,344
746,439,672,308,373,54,440,221,530,485,323,738
563,794,510,170,293,534,693,136,557,366,35,463
497,748,292,266,483,263,729,728,535,256,370,510
543,26,268,449,503,47,234,225,2,526,178,314
692,603,387,739,49,603,8,395,67,502,713,352
798,120,417,273,112,159,71,367,686,73,731,353
500,799,391,305,583,494,364,607,556,505,653,718
728,204,426,337,589,330,665,698,10,19,318,429
48,133,703,130,381,753,229,354,381,608,551,602
523,110,333,579,12,266,203,520,741,793,54,791
358,301,309,353,147,438,580,473,268,356,796,71
76,33,719,468,225,349,685,66,577,799,57,314
638,367,610,324,753,320,265,797,184,437,18,66
150,322,181,35,771,321,578,550,567,309,241,126
512,628,245,712,795,772,339,358,659,393,66,29
672,277,144,580,566,762,273,413,345,90,343,292
71,431,778,397,110,302,515,538,98,241,524,470
535,323,598,709,338,628,309,239,634,448,566,467
301,358,60,325,574,759,590,397,667,91,680,279
730,657,256,457,106,93,585,382,388,240,692,118
555,254,53,563,118,714,248,143,101,29,552,212
258,772,788,120,453,265,242,422,571,784,585,678
446,616,20,375,343,733,324,207,53,33,256,700
248,30,5,310,376,319,142,668,36,701,723,2
505,663,29,288,685,277,171,552,191,259,598,773
135,120,540,533,628,706,692,198,86,538,211,505
245,5,779,404,514,173,547,388,167,266,612,634
778,588,370,54,54,114,475,711,295,288,350,518
690,795,40,38,195,738,497,147,380,76,701,222
150,65,682,10,510,276,502,86,620,488,677,781
640,209,780,538,448,184,769,758,360,334,46,276
39,588,521,72,542,102,656,357,377,501,490,626
361,581,353,38,758,458,71,455,660,217,392,332
258,520,567,731,409,490,787,82,533,601,88,565
83,529,47,397,582,227,190,739,558,600,552,595
33,130,722,238,640,670,208,530,510,696,221,178
700,720,777,451,78,321,430,553,51,79,788,527
374,578,725,179,141,156,60,286,554,271,453,310
291,229,720,622,609,516,763,201,666,197,51,589
539,674,242,386,203,556,564,385,81,466,204,103
783,319,486,546,498,68,552,791,797,796,514,501
333,33,190,466,453,472,398,116,63,57,134,678
9,557,497,17,614,694,607,742,738,590,168,117
289,341,190,356,179,237,70,519,287,482,768,146
279,619,129,582,671,195,212,522,322,375,669,157
530,332,140,600,78,155,498,173,166,112,414,730
319,444,51,707,327,227,197,6,588,123,772,351
226,134,663,300,757,51,604,221,229,344,274,150
721,574,232,454,272,304,776,227,21,264,681,628
435,14,732,621,552,667,714,568,446,574,558,514
265,776,20,650,616,418,666,123,319,447,203,496
19,78,4,511,665,628,434,359,162,574,258,130
610,418,142,487,666,793,307,776,784,579,108,715
264,613,282,160,284,515,753,695,581,176,575,689
318,368,596,564,609,223,48,367,33,88,373,120
787,374,17,173,581,595,127,562,732,309,238,533
313,541,165,212,93,528,333,403,345,578,778,408
725,669,55,337,424,421,238,487,319,367,231,333
752,389,15,682,225,761,147,99,73,167,38,758
175,407,462,462,672,673,537,649,455,166,758,587
427,326,206,416,9,318,415,487,581,738,131,592
64,392,225,753,515,664,655,285,79,537,188,104
333,38,345,779,136,28,485,27,571,151,106,417
434,278,199,120,795,625,471,63,40,164,722,241
469,47,329,8,105,687,50,449,57,728,708,466
80,349,178,533,129,132,527,432,63,702,123,542
496,209,716,189,321,72,179,697,172,399,632,434
523,732,290,747,288,80,380,267,388,129,553,402
182,797,658,704,188,528,483,625,92,327,638,698
111,128,249,781,288,716,643,151,379,19,396,313
78,674,129,714,453,226,406,528,221,291,428,175
665,514,524,745,461,254,35,181,304,641,783,322
140,308,262,771,209,570,420,695,737,269,356,400
527,582,242,222,17,383,730,119,355,587,305,600
577,698,698,509,337,629,596,462,44,475,367,770
203,663,208,393,782,109,607,343,593,184,296,234
576,771,676,473,724,137,138,405,132,318,607,619
466,685,527,113,200,531,747,671,584,523,98,615
72,353,234,603,635,242,118,501,173,91,436,123
319,553,233,42,772,329,664,715,513,339,194,744
521,645,566,112,584,631,143,414,24,68,371,78
157,747,689,293,164,161,621,136,499,393,118,696
603,696,650,330,147,748,302,243,758,397,305,693
539,186,69,739,86,460,593,712,189,71,623,436
157,439,569,140,128,23,238,213,119,394,136,85
141,389,251,560,27,535,374,368,786,40,296,365
323,522,454,593,654,400,760,178,36,121,64,201
185,276,633,459,747,800,180,585,18,680,628,350
378,587,230,777,362,320,595,212,686,559,410,195
261,100,452,484,7,53,429,56,238,162,257,355
133,267,460,321,91,776,39,694,258,292,4,584
395,319,45,637,238,751,703,143,412,698,578,285
456,576,758,421,407,681,519,600,681,684,700,470
190,414,417,777,698,661,557,785,677,122,142,599
734,223,711,741,111,429,422,758,78,103,290,436
510,495,501,485,336,492,606,212,648,416,215,358
250,751,683,746,133,381,766,186,389,600,374,97
412,705,60,784,594,402,242,452,51,489,506,549
431,517,37,236,360,111,191,167,203,371,529,16
640,536,608,315,358,578,127,569,728,172,701,78
300,583,666,100,706,52,72,699,548,47,723,299
692,773,403,612,681,643,538,171,336,121,482,158
670,64,153,277,799,296,103,167,288,330,556,264
504,203,638,401,303,518,144,73,772,94,361,360
321,225,372,405,193,581,493,627,245,235,13,101
381,3,104,25,140,634,682,379,700,297,91,392
596,181,255,154,492,446,643,630,581,310,539,121
17,64,323,310,428,795,454,748,68,232,593,580
450,212,19,352,194,433,37,534,766,392,604,404
378,217,55,233,253,431,479,162,696,128,111,696
296,468,443,397,421,758,51,14,678,581,54,135
117,718,620,448,195,755,530,13,432,472,530,112
18,679,478,159,490,415,221,179,5,408,556,445
607,10,723,562,185,549,285,107,212,652,660,777
717,27,451,485,708,103,222,302,23,651,272,25
76,462,343,777,546,666,678,562,637,684,111,359
545,521,332,39,469,138,573,744,685,684,74,202
611,321,13,357,476,665,553,30,646,15,453,645
213,761,127,304,434,486,205,95,762,793,511,496
721,363,682,293,51,429,227,66,297,580,266,8
787,115,178,84,127,143,269,421,660,69,665,608
275,519,662,202,121,149,743,331,324,766,632,81
365,204,283,377,387,354,321,207,292,651,673,772
79,583,451,345,380,60,184,581,369,182,678,449
575,788,280,654,625,794,368,121,220,373,554,229
553,667,487,358,414,458,453,718,735,389,660,360
728,397,665,768,652,461,751,6,47,526,53,785
201,634,732,85,525,563,290,70,502,769,410,670
583,737,7,545,450,449,538,454,438,441,540,320
159,11,157,434,325,567,213,139,84,692,750,516
223,209,638,619,353,73,576,365,219,220,234,369
616,180,281,269,251,536,231,492,183,40,422,256
472,736,122,21,778,475,731,251,154,451,74,100
117,598,321,401,143,4,692,257,626,2,724,69
745,426,660,279,575,166,572,68,770,630,277,198
425,90,340,136,582,488,412,103,598,222,609,697
149,596,348,321,451,367,603,518,365,681,283,30
606,435,392,301,743,225,116,705,791,327,268,437
21,66,93,508,114,529,455,329,438,97,271,592
6,196,511,393,721,470,397,163,26,217,504,464
56,587,57,120,501,358,414,534,263,170,555,140
292,756,592,170,709,235,13,445,166,312,318,744
307,315,409,18,260,545,565,748,324,656,256,382
118,179,151,655,622,53,765,239,210,545,305,411
530,633,335,509,447,288,305,318,55,397,783,60
604,513,720,449,373,555,151,160,383,596,796,158
538,579,509,253,782,176,215,700,109,235,164,645
349,283,326,181,49,466,763,30,217,634,474,248
392,722,35,668,516,176,745,663,181,281,486,497
322,231,517,721,226,153,179,55,766,419,710,595
680,586,534,391,89,284,509,748,424,7,737,624
475,312,674,222,635,535,629,187,584,151,436,517
671,387,68,163,59,626,291,333,538,641,790,749
181,59,247,126,84,105,192,11,136,756,82,323
319,86,681,37,291,341,368,663,463,657,24,95
133,95,734,462,26,613,26,280,441,370,212,185
625,25,514,247,179,488,53,338,164,20,102,763
202,748,67,435,34,314,288,716,687,208,681,373
690,472,342,527,126,189,562,221,171,288,541,357
618,15,568,150,380,118,549,167,74,578,635,724
738,542,78,526,421,757,105,157,592,48,404,117
473,133,677,619,525,562,175,649,13,698,50,395
137,598,653,683,242,435,715,555,471,240,558,34
48,205,287,59,306,80,580,612,473,40,317,342
616,270,396,641,215,64,381,58,796,21,581,672
623,620,779,636,87,79,553,334,302,511,25,681
373,701,47,221,756,617,255,790,397,457,10,122
710,429,61,392,545,743,324,223,102,729,501,485
47,287,31,796,511,629,734,566,362,740,357,208
424,393,653,692,307,183,401,692,9,478,354,147
611,673,477,61,16,735,682,244,430,513,539,52
590,6,705,290,3,135,549,268,519,381,472,99
102,157,528,358,3,743,393,45,675,356,691,47
364,420,785,790,517,512,233,670,172,564,793,226
553,387,130,81,156,632,368,711,18,463,418,490
470,137,415,508,59,651,558,603,461,549,484,678
606,625,203,266,62,74,653,427,562,385,489,344
120,371,711,66,661,636,270,606,238,414,359,537
511,198,333,769,535,476,71,216,273,46,72,579
104,487,191,591,787,771,149,606,442,375,222,561
400,371,177,234,299,539,514,795,187,115,383,132
275,531,154,491,251,198,363,606,300,527,714,495
577,721,656,741,788,601,360,457,687,193,526,664
462,288,315,526,91,297,565,295,651,682,271,329
638,85,787,88,384,771,93,41,667,105,424,664
179,76,240,708,572,732,147,636,771,341,73,304
607,792,34,557,594,714,651,212,357,204,702,526
268,211,188,174,605,242,292,292,281,298,104,151
743,599,19,45,768,371,8,621,88,630,457,259
229,93,621,603,706,342,106,185,300,635,782,683
320,603,267,412,114,744,796,660,623,663,347,659
253,584,789,84,87,694,441,401,180,494,451,280
172,233,26,419,115,215,461,300,273,604,630,40
259,416,211,24,517,395,713,696,420,302,549,169
279,780,693,662,352,780,142,143,214,524,781,281
307,546,561,35,247,453,608,52,652,351,498,294
653,405,55,325,6,247,602,419,585,110,565,547
413,426,540,221,236,488,619,155,325,608,243,508
755,176,179,192,687,652,211,385,230,195,749,599
250,576,666,680,600,775,347,165,241,493,541,106
682,796,27,720,239,423,215,340,416,178,341,299
587,397,615,137,83,81,696,340,730,692,376,512
773,374,146,354,258,49,138,530,726,437,614,478
66,796,316,703,706,418,205,24,513,98,636,56
754,720,745,87,180,354,630,296,434,575,586,136
268,362,350,429,419,93,734,4,394,367,107,366
545,132,642,560,325,766,532,195,68,117,718,522
700,671,788,45,798,661,465,274,719,375,650,635
282,771,480,551,439,793,80,44,447,360,688,766
637,789,485,613,257,694,47,650,656,48,388,612
240,31,745,744,729,707,362,377,526,5,229,767
82,483,140,324,33,60,493,620,140,212,93,304
486,707,352,676,103,207,114,635,796,434,428,132
509,679,340,325,371,271,287,339,183,694,269,420
506,549,30,218,762,687,664,454,293,322,247,184
747,7,247,562,398,722,393,129,521,701,522,63
536,533,266,139,481,146,331,222,130,640,694,651
744,531,473,46,385,482,492,301,60,340,727,567
696,48,453,86,738,621,115,421,27,502,689,766
251,230,114,308,487,615,343,597,723,74,331,314
376,255,797,697,67,582,376,793,91,68,338,195
587,377,155,315,428,158,151,345,549,764,408,398
315,629,385,742,602,561,783,171,717,799,479,549
657,97,97,434,197,417,379,625,277,580,347,101
533,785,30,449,623,3,800,723,528,745,278,310
390,53,31,148,602,314,141,388,285,566,405,695
578,637,146,567,5,740,636,672,50,117,710,729
266,160,710,269,262,670,386,243,458,85,449,549
749,244,278,612,40,204,386,66,165,491,14,373
325,489,92,366,437,763,756,17,778,608,360,533
85,355,340,316,35,320,418,465,351,302,154,397
601,164,160,315,688,87,688,750,412,68,315,731
532,358,717,476,748,701,128,429,230,40,491,33
204,471,717,111,310,73,35,540,83,220,311,427
647,557,147,557,563,347,711,536,330,788,76,306
612,592,303,70,582,328,418,17,203,649,240,210
733,2,654,262,480,610,757,732,31,537,303,760
209,628,705,322,484,360,349,744,421,34,662,374
719,772,777,271,662,481,733,305,401,213,316,289
785,164,732,253,319,91,411,440,117,324,305,471
382,485,698,275,176,570,156,52,561,37,345,213
30,503,96,95,49,205,450,161,601,581,322,622
222,538,300,170,475,39,289,604,149,148,183,8
362,800,493,38,522,298,577,651,293,154,397,646
274,445,750,580,246,395,147,753,25,490,10,197
5,448,570,704,218,404,426,131,47,728,524,207
497,65,265,80,767,328,369,85,571,795,626,153
270,532,501,248,767,118,6,255,755,606,188,648
357,602,244,651,203,190,757,7,362,573,4,273
575,438,700,165,393,634,686,157,162,157,323,146
649,420,332,286,791,98,581,721,182,317,712,143
329,4,565,388,525,427,508,481,798,219,654,207
201,183,761,565,442,395,288,482,491,155,645,137
352,414,162,332,33,301,70,796,797,581,561,9
382,692,493,532,28,327,328,14,130,184,143,759
59,543,473,515,560,610,22,361,574,129,421,241
256,574,664,408,645,491,265,286,166,349,192,715
557,347,150,618,98,657,13,156,616,571,404,46
100,593,72,223,655,764,345,497,244,463,446,270
291,334,557,723,145,521,562,10,579,101,6,392
15,380,62,374,206,5,726,751,538,754,200,479
714,794,611,432,765,8,600,626,634,334,729,615
442,511,233,387,296,664,352,617,405,463,47,133
776,594,244,282,492,705,457,112,496,354,504,176
442,657,652,479,540,649,589,391,641,288,633,355
556,427,662,696,40,469,3,5,578,408,537,651
128,615,726,542,733,791,363,626,700,329,693,470
746,466,176,478,42,119,207,44,186,162,301,357
489,391,251,763,575,510,312,699,532,340,57,742
790,761,383,661,299,696,499,189,641,571,316,315
352,37,430,6,456,455,357,596,130,586,412,23
781,592,702,405,166,257,37,757,622,600,786,691
152,354,604,748,213,51,689,570,764,430,539,188
663,507,790,645,211,722,238,25,756,771,717,140
719,483,608,185,561,565,281,527,520,700,757,326
229,488,696,600,387,249,642,397,483,479,479,469
600,36,592,611,766,420,443,64,666,682,524,281
491,549,736,553,797,229,292,296,512,193,653,55
74,54,747,758,83,152,111,278,144,75,42,129
687,7,25,389,472,171,648,418,114,719,781,750
143,671,561,665,243,410,667,571,762,5,452,768
14,35,519,331,284,487,312,708,501,722,574,646
315,385,93,206,160,346,483,112,522,219,120,214
783,90,342,497,241,273,34,410,515,467,435,99
686,493,530,363,426,526,633,149,757,67,384,179
416,514,400,130,544,697,246,341,258,586,466,742
400,561,742,180,155,182,598,669,419,12,369,484
763,162,138,432,15,494,517,372,455,526,183,461
341,310,572,7,60,340,47,366,640,435,650,7
454,661,423,652,663,719,562,203,356,298,368,487
327,139,340,528,587,200,506,360,284,80,89,80
545,706,596,282,222,693,195,335,789,87,469,615
37,7,466,244,34,300,625,348,159,416,253,332
107,158,757,690,454,536,555,677,46,341,444,68
18,547,591,712,537,127,100,6,718,485,19,235
573,564,546,663,299,545,785,98,437,394,421,261
504,226,396,322,8,58,656,59,695,403,274,4
516,207,291,174,511,716,489,797,374,531,89,766
91,657,419,797,341,491,84,195,231,52,211,357
78,494,393,7,485,480,673,448,779,740,335,142
713,116,140,685,609,81,147,487,190,235,247,222
402,536,644,177,408,337,275,757,318,55,446,571
768,765,232,656,763,76,746,6,86,568,575,103
52,722,8,72,156,387,414,653,763,142,542,572
63,434,549,584,113,17,194,122,702,368,538,379
551,507,247,457,531,672,691,512,757,151,18,432
178,50,105,303,557,217,127,61,707,461,526,681
665,313,147,221,366,750,656,210,708,123,555,367
784,351,228,11,569,16,562,565,800,352,69,717
343,39,204,39,747,163,570,414,62,720,59,447
585,600,368,531,515,706,389,649,205,329,142,203
277,271,785,430,334,302,393,652,754,678,410,255
58,537,129,526,326,451,313,710,363,380,555,450
70,145,413,79,707,542,740,398,273,403,414,119
477,466,381,401,214,156,523,204,183,725,261,591
676,71,214,665,479,44,620,126,800,372,168,462
791,616,389,260,558,135,787,776,83,63,725,672
279,391,222,458,333,311,658,107,364,727,229,453
543,53,125,715,740,748,142,597,443,188,654,660
161,85,690,261,511,502,343,625,621,597,34,207
97,196,131,599,523,328,798,40,799,492,369,368
780,62,247,291,526,661,540,712,60,340,293,216
224,457,224,242,47,144,763,355,130,459,532,592
473,696,125,100,440,133,657,22,475,490,200,668
569,362,423,153,218,626,779,36,98,427,147,456
603,253,730,79,122,167,52,273,493,584,788,56
240,376,715,275,448,491,60,677,217,273,323,362
53,49,254,141,587,130,288,435,52,56,761,444
701,140,677,756,309,699,126,244,613,215,57,364
177,167,155,294,293,91,61,614,775,461,517,123
740,788,555,502,127,447,234,181,727,501,322,516
609,459,729,694,699,385,501,295,600,29,649,241
525,245,738,768,169,518,241,248,16,70,111,28
553,602,11,272,683,457,173,638,571,709,650,513
611,558,3,228,3,12,9,572,499,159,743,749
194,512,221,328,491,499,250,687,441,251,365,434
101,794,432,42,31,659,520,204,555,308,555,402
633,715,721,492,40,745,179,285,186,553,729,701
726,462,522,193,725,321,798,679,787,406,468,35
357,518,704,668,158,609,77,222,531,746,740,327
498,51,159,657,412,628,184,696,434,366,541,478
632,181,388,327,710,780,47,44,194,590,128,688
724,451,390,207,706,56,724,203,675,246,252,456
660,741,422,625,179,670,95,300,792,502,651,332
311,168,456,654,162,71,316,714,399,459,679,606
498,178,715,413,13,101,324,393,225,81,796,256
639,315,435,633,176,619,552,668,295,51,389,631
5,84,566,334,696,354,409,640,13,569,259,586
425,769,281,13,387,155,247,508,117,320,189,564
402,308,223,549,361,332,754,136,212,649,127,343
725,150,392,90,26,415,499,689,209,170,438,501
423,514,690,412,697,534,711,728,743,451,676,770
60,223,2,477,701,120,328,609,688,540,163,71
332,697,613,634,674,616,532,143,197,630,679,504
76,31,83,778,140,705,546,302,728,431,560,128
185,519,404,145,426,656,196,678,621,671,539,345
165,588,225,440,382,474,460,460,240,112,133,591
372,89,528,510,153,132,550,48,359,608,5,159
219,70,13,536,645,169,18,783,779,357,764,545
720,22,543,99,578,555,772,202,702,747,389,536
554,243,657,479,614,479,744,40,30,52,687,453
712,484,444,78,784,562,761,687,101,726,378,566
748,465,124,675,477,8,69,682,554,698,90,204
22,374,513,705,755,360,581,585,465,27,121,520
355,681,40,655,550,762,358,116,324,200,241,112
758,513,36,750,503,756,377,353,605,698,715,661
479,796,680,638,694,30,271,624,680,745,242,512
367,431,297,208,472,555,230,305,95,730,306,285
676,423,788,142,762,413,352,272,762,581,43,441
382,557,492,302,716,472,312,728,443,435,329,212
66,553,683,256,260,518,249,384,83,719,532,285
21,679,690,7,735,117,124,17,122,462,343,725
583,41,722,625,205,648,129,172,168,491,618,9
665,146,693,231,342,632,621,554,504,515,404,582
122,511,469,718,625,155,464,695,198,508,82,45
155,28,173,319,451,547,476,6,132,559,30,652
93,486,346,685,693,405,669,75,682,6,774,383
468,143,274,716,291,53,201,50,32,711,448,182
493,139,138,797,5,386,220,560,391,640,421,79
160,378,436,770,228,799,398,219,64,472,472,260
123,588,231,216,252,685,724,320,301,201,357,318
468,446,92,730,260,523,536,215,666,644,263,128
391,699,552,694,80,522,704,259,117,53,766,104
666,3,662,228,226,102,110,754,137,158,562,723
136,605,629,39,339,669,637,122,444,65,724,43
378,656,277,90,22,146,48,759,176,172,526,794
353,317,28,745,508,30,754,388,207,263,134,453
683,422,542,631,590,777,616,108,438,72,436,305
621,397,258,102,435,442,566,372,282,423,309,356
261,231,192,168,8,610,88,795,789,59,181,538
111,79,767,327,360,226,484,552,518,548,507,282
198,66,328,555,381,180,456,241,390,800,644,61
44,301,655,519,627,77,689,382,568,515,167,134
90,607,211,690,738,269,315,460,749,119,530,79
306,673,126,159,429,578,749,505,120,678,598,425
643,159,313,687,785,412,30,386,541,749,361,446
690,777,112,480,641,323,731,778,304,99,24,655
429,212,570,684,668,22,400,307,234,70,200,661
662,426,513,547,759,420,115,378,565,506,570,171
472,467,466,107,440,630,401,207,161,512,90,430
23,462,678,124,639,137,415,373,21,672,351,5
739,275,623,195,327,141,197,166,52,268,512,555
348,446,46,646,268,669,435,500,542,743,662,778
721,102,621,40,291,564,496,749,395,330,393,229
498,95,277,563,322,81,724,278,194,222,316,324
556,537,769,500,311,294,163,470,405,478,750,217
348,216,181,65,199,643,179,694,145,447,498,517
217,261,455,114,143,46,526,405,63,198,552,650
57,606,562,794,84,288,513,248,144,475,443,434
753,407,584,285,681,447,769,749,415,676,331,734
655,513,314,330,577,275,78,398,682,178,142,292
338,104,627,766,246,443,466,529,404,543,97,193
747,357,369,342,344,724,221,793,795,227,232,186
463,290,416,543,681,259,90,164,438,524,260,240
797,100,197,618,147,206,39,587,555,339,657,93
693,704,312,9,739,705,353,758,328,352,537,446
99,16,333,176,441,256,498,782,40,246,594,207
131,207,158,693,366,542,66,15,457,309,628,657
201,335,768,391,422,368,523,207,716,799,94,232
687,255,5,417,656,454,484,758,548,599,553,303
142,36,686,19,460,284,217,218,114,163,275,647
37,430,557,250,131,202,457,314,478,530,744,366
490,603,95,694,302,583,727,551,461,155,433,4
368,401,694,19,225,358,633,205,633,446,104,298
555,429,647,466,645,497,44,402,774,234,687,36
230,424,66,255,26,282,550,587,358,154,285,385
454,149,69,524,538,423,676,542,241,326,487,169
42,600,39,283,81,501,443,346,500,619,414,242
201,305,285,370,742,438,150,324,69,21,73,61
755,441,225,558,540,230,214,93,752,779,562,513
42,43,183,241,731,689,704,722,37,168,42,762
753,358,132,546,649,65,49,252,146,252,232,471
369,609,610,235,76,685,501,724,268,244,263,445
83,677,397,50,309,333,193,765,687,293,603,528
700,454,67,696,460,753,658,543,84,55,372,265
6,599,234,585,384,397,186,192,636,604,474,744
485,290,485,687,261,253,506,491,61,425,733,499
723,482,795,404,785,395,246,284,179,101,367,218
400,382,401,696,264,400,766,756,626,13,62,533
33,170,29,561,304,440,794,267,425,498,436,668
185,399,312,33,186,578,646,733,739,294,493,659
34,363,97,188,136,134,181,515,534,289,537,725
204,207,638,652,501,480,609,136,702,678,40,474
241,639,269,467,371,149,200,190,23,388,569,173
229,29,302,770,470,457,352,702,198,382,532,294
504,617,145,338,234,688,355,404,54,783,452,98
568,379,198,613,123,195,281,40,128,605,513,334
422,193,48,455,203,228,95,126,400,377,518,164
590,146,275,280,65,160,451,250,491,67,380,163
183,82,111,464,569,605,747,676,159,218,758,360
315,297,468,505,293,796,320,679,710,568,181,213
107,458,97,157,333,111,523,196,177,577,568,660
34,363,306,202,447,607,50,208,772,99,457,691
214,762,188,534,417,50,618,321,554,235,71,346
551,500,642,695,767,73,578,462,122,233,62,83
657,540,132,789,408,613,546,412,623,712,389,312
798,44,453,652,174,181,730,106,652,314,263,740
469,421,596,109,756,58,16,790,592,280,469,762
588,371,731,569,778,778,28,590,136,443,261,564
100,466,800,743,630,15,610,722,410,413,177,109
156,342,526,306,61,149,433,551,431,544,734,601
359,148,17,659,505,793,321,77,450,129,404,663
41,397,664,144,334,301,468,691,284,347,377,617
138,721,480,319,62,454,547,290,136,533,217,298
204,279,626,191,588,748,161,191,178,445,459,91
279,35,317,229,215,37,581,747,259,770,59,260
160,638,713,90,401,773,75,185,420,612,579,525
38,26,766,60,467,134,145,718,705,245,36,674
312,560,244,133,77,126,89,203,318,373,342,480
207,172,410,171,625,53,81,551,689,2,440,614
379,654,661,217,478,47,189,263,493,120,786,393
129,131,545,90,696,19,666,697,257,425,60,254
208,502,344,533,523,483,624,746,107,588,134,572
504,541,116,6,326,469,613,770,310,339,622,16
394,63,291,51,251,370,761,284,45,477,50,524
631,376,332,781,765,710,432,191,329,159,349,432
354,365,383,19,291,570,582,772,128,484,7,644
508,95,442,55,643,557,489,142,423,305,459,441
509,125,234,425,726,454,156,63,653,394,572,431
107,729,754,105,621,239,650,391,181,572,468,305
89,119,408,253,404,442,438,244,430,282,11,662
106,623,750,654,687,530,26,550,73,450,60,301
38,649,727,698,61,73,103,27,264,620,429,407
296,290,469,329,244,698,351,309,269,360,44,487
2,493,420,715,513,763,32,349,590,340,760,710
292,9,503,226,387,191,760,302,361,486,279,62
105,244,318,769,207,50,608,594,345,553,786,313
457,517,595,587,601,659,105,681,322,545,147,495
739,212,738,388,730,5,509,752,214,409,529,167
319,43,310,675,392,739,693,73,353,412,798,571
439,563,143,202,133,158,694,510,363,178,418,9
352,672,254,671,177,724,716,750,220,111,745,78
200,373,612,656,451,463,593,413,414,272,662,286
403,511,389,695,718,648,494,476,157,475,633,351
81,36,244,19,658,783,530,416,351,663,533,360
449,42,774,155,277,368,48,456,256,442,322,221
28,8,697,681,439,422,444,753,118,249,214,175
649,728,140,636,558,106,459,228,708,111,737,427
720,575,663,160,260,84,259,606,311,108,531,796
558,47,36,487,103,284,710,532,460,66,265,549
326,208,342,540,513,33,274,547,409,209,85,353
674,345,355,415,108,18,105,89,237,600,143,414
191,359,14,517,765,682,666,561,207,627,684,677
286,409,230,798,178,490,341,102,554,499,795,603
253,408,769,377,603,445,382,492,375,338,195,99
709,431,235,137,624,769,111,449,532,266,213,347
364,782,267,132,660,171,68,743,412,732,432,776
237,102,665,143,463,373,531,272,632,185,64,714
638,350,57,175,334,364,231,157,614,311,435,652
397,733,594,713,60,9,732,16,429,552,794,514
617,694,231,519,143,716,680,523,80,680,70,370
625,406,599,25,658,492,510,730,417,738,748,429
406,107,536,524,213,491,119,556,690,324,437,509
584,89,464,536,264,475,398,775,528,388,749,725
502,327,450,716,88,686,698,111,271,33,355,211
210,329,552,13,145,240,414,761,290,268,754,105
174,794,390,656,59,255,90,752,553,794,275,651
670,705,723,261,196,268,29,21,657,105,725,220
703,243,193,197,714,421,349,523,3,370,361,440
81,77,745,451,66,513,120,674,121,73,549,441
560,715,338,84,722,345,305,106,560,173,659,705
560,41,555,761,697,639,8,752,361,70,534,146
480,357,292,738,214,453,302,270,565,589,186,150
775,750,562,243,190,114,360,748,550,361,269,459
513,587,642,204,454,266,313,492,185,390,520,292
253,410,797,631,178,661,536,405,381,551,188,552
752,383,449,772,544,21,174,460,226,44,361,477
265,772,626,495,285,284,567,730,641,374,483,180
426,200,384,310,8,48,659,553,474,540,76,605
480,98,680,547,388,248,122,55,568,796,312,258
341,489,446,447,279,174,779,303,563,645,602,551
585,764,705,82,121,697,217,112,240,330,404,168
290,43,164,156,309,736,297,550,525,227,666,498
216,200,169,499,202,749,508,570,242,794,16,152
181,765,490,515,277,734,61,637,743,749,314,480
131,451,307,522,105,13,521,215,675,229,704,572
348,190,708,419,517,110,310,483,299,603,25,676
402,500,654,741,99,370,16,519,552,16,652,543
199,300,2,427,582,782,250,271,444,187,220,370
670,718,49,625,17,493,147,179,573,202,662,27
233,224,698,23,701,237,752,794,367,207,750,314
772,588,235,639,320,227,713,388,382,28,341,655
508,640,207,58,242,671,394,347,343,668,772,22
756,159,139,653,542,691,764,348,125,743,597,540
461,90,699,641,413,744,268,180,438,496,61,338
582,792,578,23,489,134,558,375,3,196,129,451
293,729,48,4,26,693,631,714,500,414,362,188
448,202,53,70,171,151,765,677,393,652,229,31
425,614,744,212,334,365,58,99,569,246,406,732
184,626,652,543,143,261,652,423,29,699,451,151
237,547,29,746,785,749,110,237,553,715,48,289
312,73,484,30,35,626,726,717,364,9,784,400
69,435,627,200,277,287,789,299,117,543,247,125
245,739,773,116,126,271,712,763,653,552,552,453
548,456,72,793,774,595,556,686,750,210,703,52
585,343,539,719,336,534,624,528,466,271,311,324
108,236,101,138,424,626,494,786,716,604,496,499
488,364,722,109,82,565,7,307,338,496,596,404
730,637,545,303,373,210,203,738,764,773,197,515
514,568,308,792,34,639,594,682,518,776,786,94
337,640,762,333,425,293,152,91,540,370,441,567
642,108,626,159,89,201,737,563,444,498,25,761
283,792,272,96,31,710,341,523,559,113,531,446
201,402,649,83,321,110,137,7,757,523,727,318
344,585,12,87,331,368,92,216,200,337,614,235
2,113,335,5,44,258,273,788,177,106,345,626
537,494,660,335,7,780,15,597,215,41,562,230
435,320,327,145,604,200,688,15,675,370,92,436
706,765,567,349,288,656,268,129,589,675,328,294
767,570,4,170,527,51,363,420,722,670,116,226
417,399,335,742,404,530,710,746,209,457,137,540
513,259,561,356,662,402,339,631,503,22,717,283
430,512,635,96,307,496,747,137,581,607,442,234
649,295,160,337,54,756,306,188,274,439,532,52
153,512,99,164,629,204,391,341,788,285,742,264
49,676,20,341,104,652,623,498,648,230,504,448
368,307,114,718,786,107,242,605,225,315,48,626
218,693,735,422,88,271,73,702,712,568,100,50
128,676,443,659,188,659,510,707,616,291,427,456
508,578,320,240,49,394,513,253,701,206,550,754
380,91,649,196,546,167,156,794,188,423,709,70
213,477,248,691,796,38,120,390,555,566,206,374
93,370,307,7,211,374,92,497,664,71,499,254
397,106,747,308,145,192,325,524,199,332,11,91
146,664,800,303,596,378,121,453,700,700,83,254
265,198,224,558,232,54,321,365,114,737,140,591
374,713,514,170,725,285,243,373,652,175,447,343
46,345,672,148,510,797,782,723,571,151,707,571
558,48,12,748,547,444,621,626,546,465,726,366
122,625,616,492,542,206,462,787,551,671,82,166
338,667,360,323,249,599,299,384,72,15,20,771
275,319,502,431,244,693,283,301,402,10,377,753
457,42,79,246,525,4,457,491,176,638,165,602
757,677,87,609,488,459,461,472,630,400,556,664
18,564,423,429,223,147,787,14,340,107,611,512
160,253,286,77,360,191,109,89,316,270,487,64
544,68,49,37,337,547,219,586,444,450,472,61
753,540,633,518,633,759,261,457,90,285,277,210
60,556,329,86,505,175,292,17,634,454,134,793
422,798,586,723,233,129,196,734,776,657,567,48
462,777,607,519,206,143,582,588,70,602,302,481
437,669,158,265,457,214,529,172,229,219,773,457
514,315,542,53,775,405,144,120,611,474,354,425
376,366,489,378,136,349,28,193,378,171,119,490
541,159,157,387,292,741,64,656,387,50,695,798
182,319,104,427,595,749,404,350,394,215,549,113
279,627,479,600,515,22,152,412,429,744,32,708
91,493,211,278,627,564,659,423,4,490,16,21
168,239,165,532,615,171,699,263,735,254,267,783
358,248,599,334,2,787,327,214,143,336,29,88
383,485,221,191,770,447,335,747,536,702,363,441
304,581,667,42,101,257,250,720,746,170,195,386
659,516,502,732,609,612,172,396,676,474,6,583
365,539,205,10,524,127,231,532,588,784,86,123
131,738,130,216,384,736,116,479,500,632,609,664
169,612,668,149,89,329,189,307,608,409,466,71
539,379,65,124,745,14,232,438,593,728,423,526
325,299,255,732,551,614,617,782,332,275,61,246
49,527,86,712,207,756,220,31,170,250,437,361
502,576,95,241,83,503,692,229,131,196,396,647
247,95,545,81,138,776,647,397,701,81,282,793
440,777,509,364,38,265,515,28,507,121,323,424
514,621,407,671,306,413,29,125,212,382,740,697
520,226,324,114,35,338,596,530,201,566,59,710
101,185,708,647,571,383,457,272,159,126,288,147
285,312,620,222,101,399,506,164,31,781,287,555
596,462,680,795,506,337,642,687,722,133,736,783
260,10,136,23,67,577,502,63,99,782,392,593
509,280,581,678,38,745,758,450,143,420,714,397
601,533,321,307,148,235,792,501,21,755,147,677
231,407,714,79,203,647,782,412,321,371,5,256
277,692,95,560,716,145,160,148,46,119,677,738
136,293,37,70,506,580,706,518,591,479,221,156
206,445,98,674,237,221,362,122,766,457,127,563
75,6,268,125,665,641,452,13,349,85,585,576
517,797,88,721,391,167,727,769,206,797,68,330
523,103,356,596,396,458,508,148,102,360,616,157
165,276,400,148,446,589,485,489,597,159,282,415
67,157,278,578,99,766,696,540,65,464,594,131
113,70,758,199,259,464,419,760,253,209,597,771
671,384,171,153,759,716,283,674,592,265,513,252
227,178,172,659,705,685,743,94,131,21,208,77
6,161,691,93,516,138,435,328,440,167,203,80
632,165,440,412,107,686,605,719,726,680,404,484
723,318,64,468,6,518,213,753,105,224,239,438
477,557,47,307,261,651,761,753,491,488,273,451
194,647,288,526,404,577,569,69,554,612,591,91
307,412,233,734,78,330,561,585,722,590,703,697
129,597,552,418,411,13,298,461,415,558,253,375
92,196,423,411,86,583,331,101,766,746,750,242
659,285,748,163,694,762,59,795,118,403,608,472
282,44,20,585,261,36,556,321,260,190,394,135
540,424,796,492,562,4,241,443,281,580,569,453
58,622,738,520,186,747,343,587,604,565,676,278
354,55,87,140,26,131,649,376,412,578,352,703
797,332,491,296,645,119,90,329,754,577,649,81
591,214,369,580,430,582,602,698,225,152,501,147
112,292,280,203,235,264,433,277,601,526,491,250
58,664,455,735,307,166,793,554,443,87,459,592
741,214,348,238,170,345,512,374,792,268,226,465
371,183,374,105,261,409,213,754,393,650,733,665
164,619,316,13,189,41,482,432,477,413,194,729
284,135,162,419,270,176,391,251,337,378,689,219
651,540,355,368,174,604,143,783,551,748,456,401
714,742,709,666,490,38,581,330,675,577,268,39
555,165,696,348,314,52,598,409,100,682,191,472
62,63,691,454,134,769,220,166,566,12,468,283
310,706,510,542,721,404,54,165,207,374,122,90
214,238,615,562,593,330,683,505,91,146,27,365
31,733,780,120,415,410,338,788,762,615,597,580
572,603,249,636,282,99,648,456,260,58,190,342
141,795,423,467,528,285,185,227,540,303,647,218
22,48,398,777,682,544,286,136,134,130,681,400
44,798,794,698,528,265,425,54,204,512,522,450
144,561,639,222,662,32,703,587,771,654,99,142
618,84,541,268,29,263,221,629,236,334,469,723
122,65,282,532,183,231,409,45,175,110,785,643
297,322,756,677,733,316,622,374,188,197,28,280
747,339,266,766,304,388,625,266,35,292,98,254
136,190,678,690,54,283,448,512,212,651,368,777
92,753,109,12,623,305,767,780,137,410,4,282
36,44,728,84,633,537,693,188,483,741,675,311
742,489,502,211,367,212,684,137,627,542,32,454
229,198,782,110,75,669,141,422,611,37,376,126
560,156,37,769,204,54,496,611,2,512,644,790
694,484,206,151,714,681,35,611,305,360,179,392
263,76,679,47,345,441,544,724,117,520,562,308
284,427,776,485,478,620,51,142,439,367,492,318
694,784,287,103,97,533,196,112,486,422,649,582
385,35,22,327,330,752,91,382,332,202,377,11
107,145,417,280,96,468,149,345,626,319,448,526
215,598,754,252,436,202,248,444,568,429,484,468
161,223,391,19,357,696,246,729,717,300,404,579
296,207,137,688,187,48,793,447,298,297,476,287
742,415,38,541,32,135,422,76,683,508,578,731
636,694,115,514,775,767,768,309,255,68,301,289
67,235,660,776,588,286,187,304,367,776,459,742
149,214,18,368,654,719,662,84,392,39,301,83
553,465,660,53,232,443,721,435,359,440,631,580
574,748,352,388,106,581,473,681,38,496,419,432
627,628,27,266,286,69,167,380,107,7,742,197
177,100,449,161,739,76,323,563,482,408,201,243
682,191,764,753,139,451,77,206,676,338,787,589
318,750,207,333,734,788,100,748,290,71,310,359
720,270,242,462,797,586,760,133,426,438,130,654
530,439,329,460,679,190,541,448,147,706,800,404
366,264,613,781,128,489,506,393,511,39,54,523
171,514,72,747,483,310,476,658,226,18,59,342
645,250,566,516,263,575,766,125,326,120,231,504
332,375,332,152,725,786,170,46,88,593,318,625
661,292,362,36,379,109,795,215,48,513,383,373
710,510,94,518,243,279,232,396,733,669,396,202
332,663,699,439,544,245,615,604,71,54,333,391
477,305,445,281,537,187,671,171,545,438,762,47
510,377,554,407,274,358,339,673,320,587,332,656
782,625,733,446,93,701,71,164,282,444,508,737
248,6,629,552,183,318,248,683,760,422,457,664
253,373,50,125,716,337,656,87,497,34,562,209
92,59,218,188,33,78,5,623,516,317,235,111
708,648,641,112,58,624,236,502,417,619,472,279
698,466,65,36,782,155,608,325,501,92,451,692
42,737,198,629,794,647,738,35,551,482,219,458
457,39,386,112,346,194,303,412,752,62,344,183
777,656,700,27,414,800,40,77,397,592,635,600
450,685,208,344,556,667,167,425,305,221,215,173
211,709,398,119,629,595,113,593,497,337,693,231
394,485,150,237,494,642,318,29,674,692,398,344
411,410,597,699,591,138,233,154,474,370,379,497
176,637,413,782,266,709,20,483,302,54,373,797
526,494,449,167,765,98,603,135,619,281,217,684
691,719,261,224,283,284,137,735,784,597,630,800
118,742,655,602,624,408,314,545,301,30,708,123
40,675,665,665,472,89,765,2,268,756,88,501
796,678,305,614,466,421,215,507,349,526,207,612
38,796,255,151,738,217,176,79,121,561,583,542
52,218,733,422,639,369,100,40,55,60,731,257
355,650,163,735,646,204,21,420,542,47,462,729
216,704,21,344,357,730,765,126,791,636,268,417
539,645,512,30,100,231,334,184,294,298,769,332
767,309,511,716,604,601,652,205,575,297,302,77
416,408,323,616,199,367,598,217,493,123,515,265
384,366,373,320,611,295,740,352,487,693,264,747
576,724,432,42,458,144,272,703,55,698,751,109
798,581,653,109,303,93,198,59,513,245,234,364
5,304,792,450,237,450,428,287,617,147,320,296
142,478,569,337,684,89,423,99,503,506,723,783
12,207,727,622,554,245,796,228,7,279,141,285
689,800,354,474,721,747,48,366,61,153,294,244
761,202,790,351,6,405,138,240,773,687,519,660
544,540,291,198,786,578,737,52,110,483,107,301
42,267,518,402,468,727,184,313,709,429,48,212
358,719,601,434,23,672,601,779,40,436,607,211
