62,570,306,521,320,398,738,37,181,490,400,453
480,183,763,779,185,714,468,264,550,691,299,637
459,375,43,775,410,294,590,236,72,680,27,382
383,777,137,732,618,417,12,729,636,440,562,287
534,506,397,746,117,101,73,279,689,145,540,336
140,605,769,780,360,486,353,773,503,466,318,278
549,465,395,188,304,373,314,26,2,632,218,223
422,263,735,673,433,652,484,314,344,83,580,50
157,268,791,599,652,499,771,509,707,378,20,38
538,666,94,379,361,351,376,535,141,794,546,693
435,348,516,283,231,560,770,81,405,684,558,598
373,657,81,458,477,450,7,73,60,410,590,91
729,68,223,737,773,426,648,472,427,190,256,398
507,307,197,232,559,484,122,159,49,741,281,734
83,324,700,234,673,188,426,754,165,431,115,578
289,422,330,14,629,753,597,290,246,667,700,381
411,310,525,361,79,535,213,733,26,616,653,537
359,350,353,588,776,346,197,507,62,55,701,700
13,638,103,753,541,492,739,319,48,279,57,332
349,494,704,792,418,660,85,682,272,748,41,619
166,118,778,668,555,604,27,429,793,643,504,211
269,451,698,396,63,626,456,151,367,174,755,578
382,95,65,163,436,261,202,508,362,63,416,504
372,533,45,110,210,432,38,383,339,186,428,798
181,720,365,756,741,5,628,178,498,229,591,675
138,797,349,450,656,30,636,684,87,39,724,132
377,15,10,468,102,513,741,389,166,498,733,215
41,27,354,301,331,179,642,677,381,165,117,143
458,132,792,191,724,757,147,399,493,361,243,652
422,163,125,796,708,438,34,751,412,126,679,355
264,472,552,364,150,698,209,158,737,275,423,10
467,609,391,462,707,239,130,337,496,396,693,313
98,622,413,59,510,519,736,280,137,60,322,158
431,287,450,143,558,184,17,703,561,166,441,238
727,527,86,767,650,47,326,118,752,622,661,515
404,403,230,420,641,561,516,580,618,682,678,716
537,798,507,278,166,265,300,619,460,761,379,440
440,85,554,785,296,308,472,773,121,742,202,123
649,132,492,422,637,496,272,271,353,175,674,703
388,589,285,603,271,335,240,14,23,376,278,241
563,289,480,476,182,152,400,789,670,586,183,587
759,482,124,630,659,210,57,20,366,11,27,107
658,675,457,187,49,453,298,347,547,67,51,311
234,430,95,340,78,797,206,359,377,370,652,51
446,447,405,654,327,54,218,340,787,7,616,70
757,131,628,447,74,204,285,528,44,214,290,506
276,668,657,432,139,213,344,123,618,265,390,50
609,427,790,712,278,593,367,698,51,617,210,560
586,366,727,214,412,408,412,590,695,27,463,230
29,368,568,771,425,243,655,22,378,420,385,715
768,233,193,80,251,22,331,705,114,412,609,385
724,177,592,268,754,614,435,648,252,430,411,776
717,374,714,660,51,692,55,608,619,539,623,236
167,237,250,95,268,610,797,152,522,646,525,484
509,45,504,142,634,298,218,444,90,256,300,225
488,637,198,190,774,85,622,355,264,379,527,124
732,140,13,223,397,493,384,513,256,709,334,699
380,94,697,467,436,127,694,793,38,799,103,511
299,238,121,210,622,332,347,628,743,584,440,238
643,492,243,434,360,684,773,128,346,196,684,439
139,631,582,795,636,445,629,73,2,57,708,90
102,624,766,20,754,370,29,694,727,35,712,768
543,348,775,142,198,387,324,356,122,571,180,610
334,179,435,549,56,318,444,798,72,401,57,471
766,219,426,639,145,205,777,64,633,474,563,201
510,404,144,208,692,620,15,465,109,656,749,390
90,476,564,233,780,478,83,725,250,757,237,346
259,145,264,57,512,281,668,555,274,198,743,785
665,297,540,382,429,426,358,143,480,270,239,524
639,627,342,567,659,673,302,87,796,13,784,640
753,86,737,697,324,492,786,476,422,209,29,474
708,292,203,660,417,553,663,523,337,485,75,299
314,748,321,145,561,619,43,27,115,717,293,294
762,229,660,609,114,332,743,372,371,120,179,328
538,111,667,348,434,96,213,476,430,520,423,422
252,596,412,577,78,428,718,657,772,256,433,489
684,758,800,716,189,568,690,103,550,630,341,402
704,599,800,86,111,404,357,244,155,532,196,760
407,518,771,643,323,270,376,641,759,305,164,546
567,228,71,19,652,426,700,175,64,360,530,91
591,671,500,646,661,295,618,87,658,77,350,301
723,675,636,156,414,549,247,524,726,91,229,17
173,26,542,369,133,470,751,100,23,165,222,647
447,313,636,22,669,787,112,50,332,361,46,393
440,136,51,792,631,150,763,568,783,171,319,465
590,22,98,708,724,16,322,339,268,779,543,400
207,259,689,89,28,349,642,592,533,601,406,192
149,70,742,454,280,186,4,764,514,750,693,560
258,567,774,453,209,503,791,262,366,692,754,291
556,207,512,443,298,314,674,492,4,167,761,436
289,118,287,34,161,310,643,753,60,281,364,548
776,257,424,300,154,438,542,711,325,315,293,725
410,192,564,472,785,354,781,190,377,755,604,623
84,307,358,115,554,525,579,5,390,475,417,91
751,584,73,105,188,488,11,129,583,49,728,43
546,556,695,94,34,257,573,470,76,730,49,401
703,774,374,492,633,465,157,614,729,578,181,381
678,56,126,311,451,786,245,361,642,252,7,167
681,506,6,447,173,167,197,276,633,790,603,105
697,528,509,199,11,679,29,436,736,559,107,565
719,337,688,89,641,386,151,419,532,673,726,76
394,293,681,536,173,113,518,605,528,532,145,366
492,163,659,520,234,276,222,285,93,495,345,136
441,35,318,760,61,401,349,653,170,760,108,12
746,619,532,72,178,570,394,656,104,74,331,653
715,695,294,440,280,305,524,310,196,507,444,374
20,678,374,498,385,43,694,38,636,71,721,315
656,783,181,782,627,259,640,514,268,14,99,240
386,69,128,138,323,200,652,718,466,335,408,333
201,245,449,137,290,790,550,207,248,363,564,763
264,431,727,444,97,197,764,436,386,203,38,577
153,577,692,668,448,746,383,548,392,446,110,157
89,653,426,107,411,527,660,726,51,800,61,711
503,375,408,164,8,648,387,468,130,226,179,762
189,448,91,256,717,775,364,779,481,145,166,618
451,182,742,280,161,434,515,609,371,44,578,799
771,308,345,624,268,249,769,28,712,79,751,508
647,667,501,517,304,185,452,603,594,433,433,509
703,510,655,185,433,152,71,774,245,732,470,18
738,92,498,268,643,287,132,383,275,769,307,219
318,262,272,777,592,515,406,450,311,174,614,700
297,718,699,616,169,497,731,235,27,618,797,788
106,599,444,556,653,393,732,52,542,652,528,187
141,90,308,643,111,706,23,231,645,157,24,120
482,377,242,220,192,633,106,452,151,662,703,82
407,36,74,398,140,77,439,186,718,241,145,583
542,732,691,477,11,298,286,349,340,479,154,214
59,747,775,529,537,774,768,32,604,478,167,241
388,170,14,787,799,314,794,628,163,613,666,305
761,754,215,347,164,295,446,74,261,776,603,300
511,585,223,52,232,539,614,621,323,73,399,538
591,343,474,604,644,752,654,427,345,652,589,792
204,709,633,508,776,359,761,326,769,140,630,135
615,12,472,383,496,25,745,179,430,684,766,635
481,431,142,524,25,126,81,607,417,623,739,253
799,743,752,798,99,390,566,111,198,552,609,584
167,115,357,631,744,279,200,608,285,754,463,266
135,346,246,756,606,350,344,400,667,614,514,771
379,253,664,254,552,69,392,749,546,442,340,288
700,586,61,780,426,358,597,44,41,774,388,109
296,172,147,345,723,401,344,714,337,789,454,423
765,524,24,462,720,303,251,348,66,512,712,163
492,740,693,786,732,471,791,115,514,372,240,149
463,398,331,617,72,287,758,264,329,616,554,153
156,12,708,371,72,241,596,253,104,312,505,771
425,613,301,5,647,583,497,215,650,487,337,83
603,29,139,477,168,557,782,380,264,82,693,227
775,763,628,324,612,677,697,163,406,545,286,441
138,434,217,184,655,672,292,207,248,316,237,250
318,354,254,592,352,58,473,670,234,603,473,494
498,787,51,22,699,182,330,695,73,83,220,352
232,326,508,117,534,776,342,124,491,188,777,355
322,48,205,669,8,562,624,127,98,258,734,389
251,294,215,426,472,164,533,127,718,651,608,238
470,233,524,751,687,223,215,351,277,71,94,195
712,20,173,52,448,186,197,625,630,20,7,648
69,739,570,122,133,730,599,488,569,778,468,58
190,343,572,280,576,617,681,3,337,171,197,400
633,317,800,637,416,25,723,717,382,498,67,484
651,381,669,167,592,438,392,739,553,459,367,252
145,430,55,83,174,149,411,751,694,219,704,462
322,381,37,148,105,335,122,219,698,62,327,489
150,287,227,523,5,340,677,31,369,639,591,87
648,316,165,70,456,117,270,634,218,593,523,698
443,121,101,545,314,430,175,548,596,306,36,382
654,628,499,629,731,682,227,30,699,655,394,774
578,630,209,368,55,82,790,297,789,382,188,370
739,659,189,556,700,538,728,378,459,4,705,504
796,181,202,539,464,561,302,127,565,306,413,384
79,75,323,560,549,667,784,371,159,661,535,785
470,744,695,85,111,718,781,721,350,373,482,349
594,791,307,79,119,138,108,731,679,641,423,707
490,462,626,450,706,27,33,15,101,230,738,83
30,68,403,43,633,60,49,277,229,135,663,350
653,560,799,493,9,708,584,236,57,516,497,56
44,101,445,12,559,372,11,5,491,526,473,630
44,757,264,753,667,121,262,260,44,435,580,531
547,413,445,232,509,456,477,170,780,649,540,367
360,349,578,432,115,343,177,115,104,169,369,689
337,503,602,593,298,224,656,25,380,596,316,634
410,2,450,707,390,218,536,255,633,7,517,318
569,110,304,208,112,417,272,278,562,154,122,12
755,628,483,346,534,512,277,321,616,38,547,526
150,290,186,352,245,41,798,192,470,550,683,452
756,482,204,550,146,698,768,256,584,467,586,778
128,235,358,754,298,593,631,575,497,372,588,664
460,371,419,119,176,361,747,690,115,578,576,67
291,62,260,662,334,682,742,555,359,485,646,624
563,67,208,726,310,143,675,44,426,608,769,544
751,482,291,739,262,751,754,640,223,372,487,657
689,168,153,441,610,246,373,669,379,721,771,369
717,420,404,159,244,778,398,181,408,497,432,11
791,335,246,4,687,800,302,343,176,123,613,154
488,54,522,562,654,424,312,782,491,363,24,313
613,86,219,672,642,63,302,403,653,339,541,679
521,83,760,348,781,499,139,99,704,710,366,669
234,128,469,124,738,604,19,145,643,194,290,681
515,740,201,601,148,694,69,783,720,130,307,550
81,586,585,157,366,332,215,129,116,155,541,265
56,698,632,156,11,727,338,509,743,306,189,615
520,222,744,764,371,432,514,786,332,603,185,125
579,101,666,392,791,724,671,303,738,702,72,68
774,745,465,216,536,473,252,789,326,381,420,618
506,12,606,744,185,711,600,587,370,109,309,352
349,386,177,439,687,182,397,788,316,209,65,23
55,400,316,781,585,78,588,331,144,486,414,98
694,364,438,19,254,377,279,697,578,379,431,368
603,314,480,348,76,669,139,282,342,753,570,92
623,759,464,607,487,156,298,464,719,349,537,316
133,320,344,552,548,746,365,736,79,634,766,358
291,497,228,563,245,330,795,557,322,256,334,30
105,555,32,138,530,409,514,593,182,88,97,12
723,433,636,364,571,176,366,568,156,584,570,300
520,783,439,725,489,144,241,367,619,368,38,101
598,173,482,793,325,145,501,424,753,45,51,401
404,714,444,741,175,453,396,462,735,316,721,530
365,64,82,541,278,579,411,84,582,574,753,727
664,681,575,151,240,256,131,68,476,67,772,383
242,464,126,374,663,201,774,486,223,422,643,4
316,555,207,207,546,605,128,518,429,320,157,503
406,267,372,590,75,531,590,572,613,188,63,134
352,720,228,799,497,491,354,619,82,52,788,726
394,582,763,580,608,204,723,102,751,50,196,171
776,274,310,509,386,392,259,113,525,175,395,749
371,283,263,514,567,527,81,151,70,796,520,92
504,640,534,207,120,302,291,445,773,41,397,391
710,92,290,588,324,234,145,164,799,35,297,42
636,177,794,511,260,349,688,345,470,281,529,331
744,703,751,131,313,253,738,483,107,226,795,419
764,281,76,516,104,722,48,114,159,128,99,585
717,732,363,242,444,471,789,151,281,145,800,331
135,783,630,437,423,368,236,350,571,150,168,372
198,136,274,500,702,741,138,133,711,90,280,654
125,192,185,505,361,288,314,128,702,162,195,122
647,257,51,192,542,253,724,140,231,717,458,404
638,754,288,620,185,149,773,440,171,531,509,789
521,550,124,741,792,200,776,693,134,705,262,532
318,616,293,130,544,486,519,679,303,610,258,615
725,9,226,16,502,16,423,797,765,678,516,240
252,399,503,144,486,799,348,291,215,593,526,319
265,768,436,30,516,278,399,586,357,51,198,263
509,583,524,526,372,249,112,791,291,512,562,415
59,82,749,20,138,757,636,551,714,473,35,227
244,714,9,428,712,700,114,630,77,505,229,473
129,8,437,292,460,249,772,684,218,544,281,97
348,500,101,95,87,69,391,549,261,520,376,335
731,128,183,338,230,354,329,90,45,67,190,602
377,517,680,411,364,281,610,265,711,661,403,111
315,794,176,154,21,616,764,749,155,244,350,590
457,701,511,80,706,150,53,534,467,703,642,145
405,289,524,791,35,642,310,695,300,669,137,550
240,779,584,778,137,362,209,753,268,462,769,49
329,343,228,705,510,477,543,377,475,153,645,510
664,275,104,221,555,79,460,170,282,550,642,659
374,110,767,409,2,277,353,358,582,478,426,327
551,153,549,52,159,613,3,627,431,329,133,183
619,487,710,350,346,356,32,22,601,188,466,515
370,625,604,441,694,425,716,480,742,342,352,302
60,735,341,754,729,222,781,215,564,153,476,365
550,167,704,359,337,726,417,159,21,162,776,334
380,293,333,686,31,796,707,284,228,694,91,559
490,241,601,585,509,174,799,10,366,668,670,450
200,375,171,257,629,429,380,607,194,374,76,578
744,193,150,590,359,673,717,622,266,443,73,133
653,263,24,282,624,269,592,535,747,646,470,60
147,310,466,16,614,212,150,717,620,720,785,324
274,205,326,425,589,520,604,660,107,614,108,264
507,66,684,776,222,387,708,529,296,796,532,395
8,176,652,490,275,354,46,169,527,330,592,209
667,525,672,666,591,306,594,376,429,78,85,221
147,103,319,698,794,495,301,214,441,756,120,518
254,221,168,520,279,469,67,662,54,704,9,133
751,746,103,540,30,309,176,633,799,324,152,606
90,488,370,208,435,33,459,485,591,613,522,12
283,67,52,177,339,116,759,534,628,494,74,353
614,645,174,551,504,420,262,536,681,489,621,705
162,666,617,360,783,379,438,540,387,19,52,797
570,538,510,208,380,151,715,593,485,530,482,246
787,546,549,681,321,40,476,393,632,188,591,358
456,793,117,693,702,23,444,661,446,341,443,238
661,282,183,707,268,601,183,595,87,710,92,136
572,385,119,470,444,82,568,741,205,196,433,517
230,260,37,355,255,103,336,527,692,622,303,86
750,586,538,502,206,622,243,64,249,119,140,579
126,48,424,773,119,781,65,489,106,92,71,119
373,653,231,683,452,166,263,118,90,634,210,98
259,24,764,420,346,11,630,129,663,157,178,586
154,17,350,184,167,9,618,777,51,196,678,208
716,677,793,739,170,63,257,377,175,727,638,26
247,414,694,307,583,268,117,457,9,644,237,657
155,682,167,546,566,372,466,78,274,526,703,451
751,720,19,616,116,22,26,694,353,797,266,161
453,368,500,420,599,421,116,641,336,339,347,295
700,118,705,363,172,650,444,540,509,351,433,25
307,506,366,507,535,53,660,499,596,749,182,144
108,346,454,667,558,496,641,615,199,431,243,127
56,188,143,685,429,702,433,602,606,626,433,344
177,563,9,210,107,354,362,49,55,466,734,154
131,621,81,493,446,159,144,297,569,67,577,609
360,98,720,535,201,652,228,668,74,620,785,178
560,324,306,273,634,639,773,436,8,382,522,287
668,593,141,188,70,371,579,482,760,355,782,702
212,708,209,512,21,54,227,352,697,721,41,628
85,800,784,212,582,695,640,538,44,340,669,438
372,34,297,67,691,589,206,324,616,419,60,103
575,799,652,656,727,493,735,381,20,642,42,322
440,368,207,146,123,67,622,395,577,132,591,575
300,460,588,503,107,366,611,517,313,308,486,519
534,155,481,25,663,290,79,18,271,113,126,179
578,774,448,393,281,165,160,625,757,84,638,469
85,555,178,146,506,428,235,719,237,675,164,213
743,729,94,98,540,205,274,547,630,775,587,614
21,258,738,474,643,439,772,233,309,616,663,334
625,602,101,4,416,361,30,153,757,787,757,332
444,93,292,205,25,467,493,215,155,157,13,480
708,437,497,173,543,103,113,236,24,60,361,140
530,262,106,642,450,562,240,198,649,364,622,383
311,515,221,694,457,173,249,241,657,364,67,249
582,596,589,118,702,589,134,245,3,729,623,129
425,670,400,403,418,709,561,692,312,792,558,641
553,217,25,725,742,58,77,363,454,576,699,367
601,492,81,786,2,515,385,85,401,601,466,220
137,340,773,552,382,542,571,124,412,788,707,788
618,799,192,417,542,406,579,617,34,441,664,139
297,699,712,610,15,333,221,752,609,709,290,554
161,495,46,53,345,29,15,450,277,649,410,409
581,85,18,637,9,248,60,702,124,107,354,750
101,488,108,162,703,145,496,309,13,532,410,87
198,185,225,625,518,668,527,578,671,341,674,118
293,513,253,563,600,11,482,623,196,9,110,157
786,261,20,425,456,414,228,99,570,133,645,215
667,545,720,525,140,588,36,769,65,417,798,223
374,124,699,474,665,531,531,148,184,559,656,207
106,24,211,602,171,497,51,298,172,544,248,689
470,273,547,74,633,753,598,199,269,665,298,301
342,569,260,324,702,455,201,777,513,767,213,796
517,393,661,254,267,545,562,185,199,492,182,690
754,767,782,226,241,645,392,342,151,423,666,495
657,443,250,598,308,420,241,339,624,362,528,429
651,479,603,39,616,241,152,505,378,794,356,513
629,72,293,241,31,419,210,550,242,787,461,571
170,49,766,175,770,378,713,337,283,3,358,680
512,89,330,375,663,438,173,331,361,570,15,456
679,444,192,643,94,466,86,674,688,287,535,197
445,480,582,351,536,79,342,227,353,108,601,618
712,634,569,800,597,730,341,107,94,509,567,96
302,162,197,330,125,361,130,743,710,535,233,113
256,117,263,606,251,499,17,746,376,292,590,678
509,18,761,333,775,617,102,552,666,769,238,773
331,623,405,105,331,493,254,692,426,749,701,234
320,610,540,598,632,312,548,735,303,356,202,81
462,695,179,730,728,695,615,447,421,96,585,215
252,357,774,47,666,176,704,327,760,350,469,493
60,476,782,245,128,145,622,490,402,599,514,296
723,210,702,88,171,173,627,720,738,674,7,695
31,542,352,165,418,181,739,201,300,21,249,118
525,765,675,493,414,397,759,670,194,388,573,491
10,287,535,729,747,415,122,126,46,375,717,663
67,417,612,365,146,795,99,561,143,39,646,645
548,492,210,716,718,155,640,709,575,303,12,763
33,137,668,768,529,41,716,574,311,423,608,143
768,501,93,534,94,224,414,772,735,104,449,471
201,493,256,531,531,596,412,760,127,77,404,111
486,611,698,411,480,317,198,416,733,760,564,148
142,290,376,425,62,116,231,340,558,360,172,187
157,756,245,624,636,598,107,705,551,759,219,791
386,461,432,165,170,251,200,651,753,740,161,521
779,604,392,707,514,648,749,341,433,97,44,512
537,280,480,696,340,714,145,482,124,87,224,344
664,354,126,545,508,572,165,795,154,723,639,163
188,630,390,742,96,45,465,171,483,649,602,323
511,430,527,542,283,142,788,178,743,120,29,786
319,321,745,274,465,405,370,387,614,361,359,47
340,67,515,602,285,257,51,627,89,703,168,463
787,174,354,170,50,335,413,378,266,700,46,82
530,430,745,233,250,639,60,100,49,487,500,47
517,491,722,471,30,630,646,309,724,474,409,309
760,153,50,768,783,771,510,755,261,162,456,712
653,337,451,557,192,85,473,529,37,786,495,748
580,690,212,47,169,700,433,443,23,110,517,511
45,63,596,312,418,643,215,401,314,24,260,636
42,515,720,408,74,742,228,313,600,91,231,200
190,561,45,206,357,181,337,21,582,39,553,566
108,284,172,539,558,691,85,441,411,123,287,271
301,46,558,717,384,796,603,449,795,395,14,58
435,142,633,172,518,599,501,549,788,678,741,587
229,645,702,498,475,424,726,120,176,534,453,104
468,398,505,426,402,560,185,444,215,484,582,79
667,761,304,210,71,128,580,668,572,406,446,457
568,518,257,608,742,717,462,463,49,100,390,472
756,184,769,55,473,687,289,369,174,614,556,180
358,765,610,315,622,158,796,183,222,675,728,67
405,308,378,180,668,118,479,142,176,776,759,710
600,4,585,246,655,421,49,746,207,442,481,151
160,603,202,681,535,753,59,346,315,652,337,610
294,408,543,527,578,235,184,409,174,276,622,433
31,430,734,767,409,122,210,571,792,769,794,289
596,726,766,37,717,564,397,161,403,559,12,554
523,616,228,256,485,536,731,170,791,259,490,770
3,489,305,37,709,411,639,294,166,554,585,618
164,690,429,199,729,48,372,572,60,302,579,272
394,359,664,44,401,699,157,36,371,191,768,546
32,413,408,679,330,511,310,539,441,38,224,161
614,746,687,307,313,179,446,381,109,24,582,219
273,477,510,692,170,506,473,544,529,147,66,428
7,20,666,529,28,302,470,751,238,77,729,180
91,441,651,178,251,181,690,27,715,514,602,404
555,504,131,607,329,262,499,355,286,650,120,791
622,640,82,37,290,463,409,198,249,427,245,91
169,179,313,417,12,562,2,279,766,597,340,115
298,293,67,598,273,447,13,543,497,277,358,516
601,164,310,61,101,203,50,587,335,403,208,399
456,415,582,557,693,99,228,680,421,646,682,650
200,747,618,56,226,532,111,71,442,173,596,438
130,753,84,426,307,655,153,659,93,655,184,285
363,691,333,563,329,239,218,76,161,607,539,269
688,492,418,501,786,561,344,739,483,676,12,418
290,651,332,362,543,626,178,383,320,299,559,366
745,365,318,569,784,614,675,735,686,438,317,732
765,649,709,366,786,134,726,713,193,577,443,271
652,472,783,668,275,480,95,768,782,231,687,164
306,532,629,479,636,760,95,77,237,616,425,688
337,174,706,752,276,644,233,620,486,664,716,187
447,707,31,500,455,660,784,166,778,241,641,53
800,520,301,76,540,621,401,8,737,612,38,779
28,526,743,185,762,105,475,119,577,136,79,671
283,582,682,337,267,167,108,297,159,194,185,521
264,449,138,85,426,488,342,683,606,446,288,384
185,799,558,742,343,347,89,433,153,648,174,369
100,211,430,469,61,522,117,506,769,479,697,20
467,307,122,517,334,220,372,322,461,672,333,174
474,81,710,230,714,279,624,795,702,18,723,494
564,799,197,371,652,795,121,429,31,752,214,633
637,323,331,701,410,308,377,317,337,144,787,659
423,433,555,303,194,353,333,367,407,291,636,150
318,583,595,213,81,183,526,237,118,745,724,159
753,291,216,547,592,202,478,177,345,366,681,247
604,197,389,29,794,29,118,124,150,334,508,459
447,542,548,574,389,283,637,149,14,462,505,659
261,231,647,414,239,391,176,268,723,416,556,192
183,663,535,130,616,484,577,492,139,8,371,739
475,183,283,276,707,158,243,256,448,299,624,326
577,5,188,310,778,642,347,40,317,760,235,118
86,647,508,123,4,96,280,646,569,26,190,761
550,515,561,123,423,16,715,321,95,228,436,565
512,777,121,578,223,799,250,164,768,224,565,656
192,710,171,77,140,442,331,104,269,597,50,717
312,328,243,760,555,80,435,649,255,749,538,15
246,734,512,264,246,167,94,693,445,588,767,746
49,347,168,176,96,276,263,137,245,21,10,274
565,130,619,288,103,82,340,493,421,776,175,95
536,781,348,256,91,9,134,249,42,348,608,642
442,212,16,8,248,420,716,218,203,593,146,120
25,424,437,68,448,353,223,501,499,125,501,49
175,402,740,319,504,387,789,586,92,200,710,35
565,760,499,485,418,132,255,663,251,800,410,548
96,61,206,395,784,580,337,609,233,171,672,783
496,698,717,334,479,622,449,644,711,190,23,431
353,443,684,632,206,115,666,228,20,597,366,197
724,791,377,373,167,288,630,519,87,114,714,296
656,760,750,372,767,561,379,144,99,453,94,8
643,472,328,647,408,675,144,624,790,377,327,107
509,188,414,372,54,667,561,429,310,67,534,455
25,167,515,602,196,190,464,130,56,407,772,60
559,170,434,74,742,690,181,175,770,659,306,660
603,370,758,743,382,631,308,381,97,197,427,572
110,503,650,497,224,488,682,762,599,417,211,122
206,278,141,642,348,606,538,15,735,467,774,23
437,441,40,131,73,46,320,441,759,677,57,685
45,272,437,90,613,63,289,461,784,224,3,750
214,201,800,682,726,769,170,491,443,234,707,560
705,440,402,530,134,173,170,248,378,376,210,767
18,672,437,424,586,276,626,335,557,652,157,794
377,10,419,227,593,461,184,357,371,534,279,579
661,496,600,501,82,791,137,230,745,733,148,749
712,414,751,210,223,19,166,670,764,110,164,163
21,627,744,530,274,122,527,520,152,635,268,604
562,290,141,276,400,52,365,661,207,335,12,63
138,149,265,393,9,666,172,105,477,304,586,404
494,373,18,553,760,777,422,773,698,299,507,128
43,7,443,349,154,300,77,480,306,143,147,139
567,498,83,327,368,546,104,369,438,65,128,380
669,194,767,265,107,799,733,410,189,152,656,157
487,498,758,575,714,134,100,589,596,534,257,784
505,482,37,196,388,258,308,292,410,411,618,607
53,108,372,230,194,211,687,433,449,794,66,660
57,63,462,65,160,194,726,539,405,580,225,534
713,526,512,785,504,345,13,355,320,389,165,346
235,88,607,609,753,731,725,602,388,75,127,696
488,780,708,314,521,735,486,172,633,190,111,29
141,343,34,331,127,608,770,446,499,53,716,493
110,65,387,108,669,755,279,185,553,59,636,32
434,4,752,463,289,734,503,399,614,219,664,649
290,332,542,266,491,592,614,393,277,671,386,603
163,248,786,772,548,109,316,115,261,393,130,672
725,292,102,554,302,107,203,520,465,430,621,144
699,179,423,617,261,285,2,505,49,260,418,539
335,141,706,23,626,502,430,509,679,263,88,316
159,174,389,62,552,416,32,523,514,6,235,77
561,214,215,471,543,550,530,767,633,93,234,638
475,499,362,584,248,560,454,798,688,583,532,238
195,42,408,292,224,537,16,229,453,788,774,422
158,344,574,699,700,726,674,36,534,457,118,247
786,690,725,384,547,731,71,25,176,365,618,737
579,412,541,589,232,325,407,228,82,349,611,364
558,330,514,494,494,633,728,114,502,210,126,60
631,444,661,166,59,485,27,658,760,536,210,214
183,408,580,206,250,498,767,271,137,543,13,478
136,32,641,393,768,365,715,559,682,87,639,721
613,589,177,529,783,687,217,793,736,325,47,729
671,253,90,39,326,499,579,424,184,467,45,151
581,171,720,430,326,562,734,79,508,681,484,261
665,63,274,683,445,94,756,789,318,646,189,211
738,713,684,569,537,168,353,582,196,452,437,693
745,562,574,271,365,46,549,392,393,401,515,671
450,502,734,317,303,576,431,707,376,795,299,697
521,638,764,16,515,272,614,348,387,566,254,35
356,637,44,733,428,375,212,720,415,667,387,223
75,161,130,266,689,225,528,474,278,297,303,150
178,597,107,141,446,118,142,689,612,416,621,550
702,179,237,138,701,178,265,297,355,463,270,422
681,731,475,421,798,115,609,334,199,727,705,406
28,555,151,794,191,661,784,109,204,51,396,660
272,560,331,786,186,791,44,716,148,304,727,662
653,762,39,324,706,682,190,731,744,556,383,534
278,400,61,41,95,521,747,508,242,23,353,751
323,354,30,450,372,149,318,650,286,110,271,78
345,582,478,707,575,771,81,416,274,407,576,707
166,253,360,746,384,431,467,45,613,28,187,2
162,508,345,588,6,155,516,674,488,741,653,422
787,715,98,778,750,229,656,364,491,121,208,150
741,414,463,798,338,36,66,299,796,698,687,104
563,369,530,646,335,216,520,554,303,520,83,484
385,585,473,568,417,488,285,519,134,321,628,686
296,718,30,571,443,44,211,113,72,141,248,165
688,600,126,530,152,178,580,602,410,264,181,700
669,668,726,726,744,153,512,187,524,395,739,700
100,687,220,377,410,427,543,387,620,19,9,99
551,347,85,354,30,269,718,563,115,196,76,771
214,495,161,178,241,13,14,450,260,613,81,423
57,237,771,433,567,597,261,360,293,269,539,765
197,703,27,748,582,46,168,704,476,291,509,128
675,195,386,536,632,555,212,548,418,396,272,694
13,213,614,42,142,365,549,91,174,15,153,146
449,35,131,601,753,208,385,312,572,225,36,410
419,702,759,587,359,528,662,459,610,451,712,568
396,530,429,141,642,51,588,536,511,740,264,76
34,529,691,409,651,403,49,361,762,725,161,796
129,56,215,787,409,339,671,2,150,768,288,531
498,535,410,280,505,370,48,742,134,367,529,418
478,795,194,783,268,508,657,112,594,95,289,796
642,221,173,207,573,625,285,594,724,55,67,770
13,269,534,710,154,284,573,487,341,361,160,293
357,175,85,506,655,144,63,151,379,232,671,254
580,194,93,75,675,264,471,661,733,151,70,146
550,486,450,183,422,500,181,736,716,531,352,729
122,38,67,235,351,766,690,163,211,87,61,725
622,62,343,667,279,564,154,11,784,33,718,183
420,214,756,410,417,310,301,685,43,92,472,62
470,758,439,434,365,439,161,469,622,703,512,229
442,605,657,602,488,106,793,382,563,510,432,760
610,193,93,646,743,276,87,631,140,530,650,151
537,565,206,396,723,625,715,272,389,680,766,537
114,351,748,318,252,778,459,648,346,408,146,204
283,134,65,239,128,340,123,740,390,484,84,361
615,27,531,617,450,724,464,695,69,421,168,506
353,387,139,15,265,553,676,187,92,17,263,542
199,268,542,136,781,555,583,73,658,253,432,618
285,674,27,267,298,431,397,773,444,368,373,115
722,165,212,28,338,398,645,220,553,34,144,259
731,82,630,723,171,477,264,205,216,292,384,475
702,248,285,124,210,346,178,360,553,775,289,228
449,2,441,264,156,329,548,23,421,62,446,622
719,283,355,562,451,383,667,640,371,4,623,799
37,693,726,638,535,193,451,678,686,42,222,198
353,112,512,279,260,446,28,684,261,589,126,635
109,697,236,27,131,699,158,611,36,100,530,582
326,646,9,395,453,439,163,173,682,437,335,222
393,542,240,155,229,213,78,529,655,31,311,28
280,267,677,647,614,689,528,464,653,537,460,225
444,312,656,444,683,638,542,480,361,437,652,469
548,557,12,716,466,782,325,524,52,66,163,502
322,5,448,681,496,309,338,725,609,143,53,646
617,494,41,708,637,534,493,749,140,780,172,429
35,725,777,373,569,27,381,120,721,759,35,582
438,154,506,246,657,732,561,673,683,230,174,226
533,317,135,38,543,523,627,311,155,698,310,156
200,600,468,616,23,313,199,62,281,321,110,146
537,173,537,521,710,87,240,25,47,207,33,23
8,335,247,50,250,696,389,224,739,152,561,199
691,729,757,581,462,335,646,747,131,210,643,706
538,595,476,463,218,661,108,289,661,539,134,124
608,343,480,304,200,282,542,767,8,294,221,17
165,712,513,469,454,7,310,462,151,662,657,328
771,48,586,469,72,326,85,793,800,452,121,731
241,264,498,13,754,50,124,183,259,473,291,356
41,757,696,674,16,190,588,158,43,326,537,312
167,156,236,642,542,487,360,3,12,624,298,76
95,71,261,631,204,364,55,214,266,88,623,321
538,110,480,650,696,468,327,59,50,113,691,47
170,123,41,777,787,780,780,257,520,522,244,178
634,220,523,235,604,487,600,11,463,653,109,205
704,724,743,770,330,35,771,460,630,446,530,580
435,198,111,466,133,366,519,350,588,508,406,781
281,284,285,388,661,495,799,381,339,334,73,57
392,658,237,286,140,10,17,169,770,546,26,410
575,468,218,331,604,99,401,742,701,307,715,419
600,484,640,362,529,644,486,187,577,678,165,552
87,659,565,327,568,728,22,60,531,624,208,302
672,196,539,619,9,11,679,681,549,140,26,360
262,534,286,117,358,290,416,539,385,637,73,243
250,369,280,424,125,280,520,393,554,65,542,382
798,754,12,706,543,650,186,187,771,149,218,343
51,139,531,139,218,34,233,36,208,519,462,36
647,621,500,466,454,137,665,763,266,552,775,297
166,381,797,757,392,158,769,153,244,404,633,715
594,442,292,438,236,412,255,63,167,210,453,181
735,693,370,310,42,237,549,631,130,660,128,12
532,318,569,599,185,529,443,678,113,400,641,623
180,419,255,584,84,101,536,311,373,492,204,54
353,489,549,753,36,261,260,778,154,709,393,712
672,111,180,597,375,169,705,234,279,589,595,477
363,129,747,642,220,154,209,783,112,15,577,736
483,240,452,412,312,161,353,415,583,57,393,94
718,16,738,695,748,483,71,692,448,677,523,432
417,622,484,620,707,690,388,252,437,430,112,614
569,723,127,132,2,502,77,422,495,351,491,240
101,153,229,163,171,158,342,790,703,216,650,765
25,316,599,591,342,680,80,372,611,574,597,32
777,516,765,366,749,704,757,561,39,472,644,559
685,11,232,551,465,608,73,477,542,628,85,645
80,588,228,465,370,561,517,660,269,676,254,382
155,716,586,579,268,34,104,385,653,751,290,126
645,779,418,789,90,46,274,124,597,296,23,64
25,508,680,286,780,781,225,705,665,735,227,56
46,510,405,42,218,729,281,141,101,206,516,592
279,759,210,611,168,343,688,635,302,250,769,661
136,346,13,780,194,236,729,137,51,199,521,738
544,144,779,46,119,119,539,78,209,459,30,465
75,360,430,247,556,290,525,456,16,797,32,216
405,63,18,350,604,470,149,328,653,523,90,613
420,607,644,322,513,236,109,763,565,400,82,298
754,86,154,781,686,239,529,30,147,335,238,519
763,639,257,546,132,344,718,777,300,215,258,725
87,601,281,647,675,469,556,74,26,427,150,283
716,428,152,361,62,129,296,257,374,720,779,423
653,185,126,535,698,101,274,489,577,133,245,361
62,724,237,134,131,702,136,700,471,227,614,207
753,101,492,623,305,621,733,286,186,554,413,47
603,740,399,745,372,165,217,155,365,140,798,275
40,492,632,588,518,478,750,285,133,335,220,726
610,639,116,308,430,538,258,688,570,72,686,37
610,219,432,154,537,672,524,107,527,188,109,134
571,544,237,374,228,106,21,665,59,343,400,344
258,235,180,558,630,471,479,411,746,721,22,92
450,248,718,231,438,497,467,100,350,303,261,137
522,225,230,546,33,384,786,696,87,265,448,527
688,617,566,775,752,82,351,751,241,630,779,580
376,528,576,143,740,619,348,505,681,91,445,474
423,501,164,107,705,474,266,692,394,176,771,210
591,382,3,694,400,650,380,577,26,758,432,478
727,581,774,655,276,75,313,268,139,798,572,142
204,572,370,43,43,324,681,747,366,511,470,579
748,520,763,386,254,788,251,691,663,225,178,661
198,59,617,165,325,447,487,92,736,153,308,21
743,503,712,428,495,529,581,744,246,198,434,476
555,16,588,626,466,713,777,218,396,750,745,736
720,137,554,426,279,428,612,655,778,42,764,540
707,62,174,395,209,80,650,465,771,498,761,552
298,66,306,683,683,71,757,288,591,231,573,297
376,428,503,239,459,156,84,779,356,133,101,777
583,130,767,677,417,737,263,484,349,255,658,183
608,403,725,591,106,376,151,449,660,623,741,311
423,599,412,119,662,394,133,635,170,377,309,106
112,389,410,581,483,136,191,248,464,134,697,198
255,349,509,669,675,722,640,61,204,761,56,559
249,50,773,626,180,607,194,350,573,558,724,432
164,712,212,640,393,356,707,765,391,177,63,150
439,549,303,49,790,540,200,604,646,706,5,75
250,351,348,431,242,71,23,100,77,317,89,381
699,90,637,456,23,2,551,27,511,617,296,347
603,547,67,243,470,576,553,292,244,674,494,222
54,121,663,679,5,338,791,576,433,146,232,244
573,236,747,432,446,529,638,614,749,501,584,631
493,92,101,613,760,540,685,180,776,4,787,171
111,696,256,346,481,389,757,532,676,362,400,738
98,161,460,178,497,295,361,61,107,589,280,532
615,36,729,662,422,436,166,775,34,651,682,178
242,376,74,674,241,348,384,555,236,246,109,503
105,346,415,215,659,120,236,316,793,766,312,462
687,105,522,319,94,389,438,226,605,45,553,643
249,444,352,750,456,622,636,26,450,671,543,452
42,94,653,535,91,465,680,417,522,695,311,267
789,182,608,350,107,138,476,378,408,461,443,145
639,712,463,756,632,206,7,611,72,614,261,648
397,582,501,114,291,297,253,690,48,774,46,646
36,415,590,159,150,130,548,794,324,635,487,119
278,342,680,570,425,789,567,477,86,521,644,29
665,774,54,201,325,482,649,349,703,376,119,144
225,462,729,385,540,312,468,98,158,68,259,507
617,692,21,151,525,434,781,125,583,148,270,249
41,333,229,157,12,369,328,317,751,377,595,35
141,511,790,519,771,583,91,431,2,670,600,781
438,221,393,193,459,456,792,425,505,351,660,755
38,623,315,34,743,464,477,202,590,460,297,761
314,616,418,690,780,732,223,303,698,282,798,451
118,576,664,181,412,284,544,559,548,599,559,444
338,689,77,541,744,121,798,519,274,153,335,783
44,10,416,229,75,696,166,310,676,479,611,135
505,427,751,578,394,225,214,6,769,429,479,79
189,314,67,316,114,47,222,575,715,424,341,599
11,224,392,364,235,762,742,286,74,527,763,737
217,334,513,429,144,639,637,352,406,161,737,15
127,310,181,428,485,419,651,256,51,77,449,499
394,723,148,227,380,666,86,708,368,747,506,165
108,29,207,720,251,588,602,631,644,192,590,363
20,662,334,66,395,743,300,699,471,248,91,749
757,33,305,632,248,761,284,223,395,566,690,108
76,521,573,310,656,746,685,182,330,333,254,480
257,336,438,559,166,89,679,129,251,112,707,16
551,546,283,718,298,88,365,207,721,402,673,451
435,644,203,91,26,734,609,388,650,160,650,513
709,514,358,764,427,729,428,140,426,567,228,667
364,563,82,314,328,185,161,194,648,420,105,202
293,73,181,41,223,469,406,254,445,424,353,42
798,769,325,26,119,526,638,232,89,206,785,180
195,470,130,682,109,487,646,650,247,622,170,419
513,52,52,778,474,170,342,521,99,30,569,574
574,307,268,153,767,579,693,318,575,399,773,403
643,90,542,175,278,735,46,387,151,150,638,618
643,522,180,334,787,533,590,639,306,787,328,552
480,388,162,647,632,334,558,542,696,704,685,84
604,161,196,340,693,602,771,775,333,594,49,242
343,454,292,685,356,273,551,539,323,770,382,424
616,422,588,238,333,396,464,98,566,351,660,561
649,213,57,493,718,621,413,740,493,165,705,799
115,123,790,506,100,263,578,691,477,641,494,326
407,112,256,639,412,629,235,211,607,138,93,742
181,750,201,297,762,188,298,183,625,148,602,366
540,636,257,666,164,605,630,93,260,477,765,343
314,416,77,91,163,36,777,139,465,465,569,668
477,345,628,480,495,449,773,132,689,33,508,527
7,8,770,148,415,683,681,496,345,756,232,220
71,755,748,354,780,202,551,620,755,616,79,576
280,442,669,117,403,468,453,21,592,264,17,724
733,51,693,642,332,436,486,792,448,157,21,182
337,726,507,152,449,556,193,500,7,651,605,381
298,510,190,479,383,773,406,352,486,476,177,195
729,701,482,573,784,576,695,185,472,680,281,593
528,361,726,384,398,5,64,642,354,212,251,43
217,392,141,79,419,675,6,734,436,750,719,209
46,739,251,643,230,474,742,736,685,168,642,263
2,462,453,310,46,534,497,488,515,58,796,727
632,14,296,276,289,120,169,472,211,189,664,252
116,694,163,624,150,707,464,128,112,696,238,362
515,311,360,161,710,307,385,324,251,30,321,307
58,727,408,418,211,481,743,792,183,692,125,452
442,686,84,597,632,421,2,150,658,242,202,745
522,170,131,708,757,710,404,34,531,83,729,230
141,226,50,666,134,626,80,393,201,578,720,461
153,385,617,594,495,40,283,443,715,62,362,119
317,249,289,477,648,794,195,626,378,250,589,434
47,87,692,791,343,36,382,646,71,128,779,129
795,322,290,559,234,617,699,86,432,413,777,613
501,89,155,662,153,452,566,308,175,401,40,42
339,223,288,265,301,218,238,770,741,153,543,135
421,477,169,578,464,101,579,454,230,94,605,616
571,698,234,397,205,430,274,253,220,30,741,220
262,531,150,191,132,346,334,579,330,182,419,629
90,355,335,793,60,651,213,701,503,356,328,464
249,167,465,552,291,414,538,744,575,590,603,622
236,385,501,206,41,247,39,210,95,433,365,789
148,251,411,93,672,109,27,797,434,312,453,748
173,659,317,669,8,87,421,233,257,293,740,214
708,670,195,755,719,368,311,150,73,503,332,799
560,532,571,453,664,88,138,111,328,265,161,508
331,710,10,227,739,376,513,517,420,677,605,487
14,90,25,499,359,137,631,401,421,693,14,725
416,567,132,677,221,546,259,501,434,575,614,107
435,305,395,103,619,527,718,538,95,366,124,706
621,510,648,564,314,679,553,761,214,792,467,251
291,411,223,287,137,221,230,785,424,414,631,96
616,611,332,184,51,633,104,565,585,794,636,570
198,78,552,458,80,49,175,197,389,80,778,269
766,336,210,343,785,529,202,131,734,33,200,673
740,605,344,626,453,267,166,300,158,241,77,577
46,90,538,617,711,157,673,259,451,304,416,277
535,335,791,25,314,554,268,48,417,359,375,650
476,537,147,106,462,334,446,539,775,535,191,463
764,169,353,77,616,212,340,258,461,362,586,444
36,123,287,763,605,737,194,115,200,609,199,524
494,307,70,393,253,50,281,407,44,60,77,27
689,298,226,557,17,131,66,791,619,95,398,632
470,150,234,740,748,477,263,405,27,760,742,765
787,190,92,289,665,555,354,319,683,210,567,99
529,516,452,85,660,263,707,404,458,587,129,625
55,133,252,116,364,230,96,436,559,730,282,708
721,437,794,447,103,460,298,28,369,280,421,641
51,204,260,550,142,88,625,661,607,773,365,210
694,283,93,494,695,551,482,4,367,492,557,16
393,351,599,119,400,80,164,142,93,753,249,580
356,112,327,358,6,70,257,565,229,174,165,376
426,128,792,778,408,51,671,293,126,518,396,235
23,332,456,494,278,45,24,746,194,76,165,359
733,748,712,232,690,223,53,483,626,436,547,15
456,516,707,382,438,223,38,3,119,372,218,539
462,531,488,534,408,657,347,419,369,185,75,349
692,626,236,221,196,115,48,434,397,140,551,569
179,151,385,683,497,463,492,24,126,166,47,723
699,247,617,159,486,799,137,122,409,703,126,754
156,443,238,217,37,197,244,177,136,580,589,537
338,625,753,375,150,591,173,243,469,52,427,36
121,740,174,505,137,666,706,92,424,551,517,781
752,123,565,389,342,409,785,187,769,8,277,135
366,795,58,539,703,193,721,126,88,611,422,31
608,197,188,662,9,111,495,43,683,704,591,582
800,740,451,99,316,730,499,557,591,490,755,639
519,112,412,685,136,565,214,53,583,592,200,723
778,322,210,7,652,495,40,716,518,117,434,416
484,127,465,182,422,279,686,625,245,656,628,638
458,615,727,475,778,763,686,8,42,16,346,456
242,528,436,728,549,638,611,124,466,452,782,75
615,204,579,418,672,377,333,33,428,11,534,431
575,738,712,584,216,603,376,424,562,551,540,379
643,763,616,616,4,34,478,593,45,725,345,81
563,749,438,568,382,254,79,628,651,779,255,376
197,334,180,591,208,694,252,143,412,397,343,583
91,662,719,331,716,397,94,712,356,704,95,356
444,61,337,583,36,551,137,89,650,136,672,606
268,133,234,706,370,551,567,55,241,422,485,603
710,30,284,485,132,751,266,201,302,93,332,384
783,308,414,392,95,372,568,141,217,455,660,450
470,83,652,62,220,753,27,280,163,569,268,281
427,396,523,433,261,162,720,594,406,244,690,119
381,516,457,380,622,437,320,377,724,520,25,620
689,382,292,481,702,585,109,242,405,640,630,329
493,33,11,538,487,2,85,406,635,178,130,562
170,696,200,235,11,445,720,226,640,718,285,800
461,577,287,638,709,7,378,245,151,107,401,12
271,449,477,775,729,700,797,148,376,442,204,132
312,154,677,146,494,548,65,188,716,141,643,685
609,677,106,261,257,598,213,539,108,794,120,384
189,206,709,163,21,271,124,295,707,623,285,485
212,241,250,632,26,571,273,399,125,172,426,706
713,20,415,47,175,761,799,75,18,99,168,92
457,685,597,415,745,617,443,419,14,242,324,574
708,626,253,794,512,545,315,287,292,227,45,398
256,250,741,231,282,418,706,62,9,6,83,514
15,503,82,92,64,84,217,669,154,228,668,696
74,354,325,438,466,101,108,139,664,298,128,369
537,620,36,45,387,785,235,454,523,661,119,116
128,663,285,727,346,741,368,359,462,372,141,213
433,692,770,731,273,154,368,760,523,92,483,470
355,128,580,241,409,123,676,483,721,255,264,271
555,14,693,628,462,16,754,80,355,4,415,516
733,390,163,447,171,318,518,679,761,177,549,714
566,94,400,99,398,101,734,225,709,446,191,445
247,349,712,302,793,263,317,684,378,339,587,443
242,794,184,354,783,684,8,185,582,85,786,236
761,554,493,736,612,250,670,730,30,499,751,783
768,424,212,144,248,596,147,490,721,430,8,89
419,396,548,443,95,540,136,328,543,203,743,672
602,25,64,114,276,93,288,380,217,710,697,749
397,15,782,80,559,733,175,36,352,400,276,538
721,199,178,345,774,351,759,422,209,515,800,726
238,476,739,538,417,53,599,554,664,8,608,607
273,507,391,632,225,777,408,19,260,256,183,228
294,238,644,89,699,241,510,292,348,111,404,608
433,773,338,77,313,547,104,47,342,293,552,402
260,771,436,497,478,173,613,430,105,515,9,140
86,159,502,64,512,97,640,318,152,765,193,656
317,303,298,169,600,61,449,795,458,136,653,493
386,113,222,658,661,265,606,714,654,675,292,628
494,631,542,450,646,191,495,136,309,530,464,663
738,264,243,129,305,245,4,176,621,588,670,197
33,329,307,326,490,460,46,119,93,327,28,534
510,98,667,795,50,570,262,47,134,94,140,252
262,457,791,341,467,32,155,154,291,519,572,44
742,372,86,565,546,723,515,666,663,671,206,423
422,118,569,10,370,170,447,641,474,290,648,475
595,460,416,461,142,24,297,643,320,226,340,799
752,109,672,302,487,48,52,514,592,486,633,287
414,606,751,521,547,154,280,374,510,130,67,314
465,641,465,480,731,639,307,318,559,650,794,650
640,630,480,74,641,112,672,727,94,703,780,105
18,603,85,273,271,440,402,741,294,57,104,697
536,754,678,365,721,258,147,131,98,784,41,237
530,236,93,212,100,521,152,200,244,132,370,788
146,140,671,310,395,384,555,191,298,659,365,159
313,229,18,486,78,127,61,790,160,318,626,194
411,691,472,225,240,264,542,685,286,584,144,575
221,216,355,58,45,271,541,303,473,776,361,647
731,46,353,754,411,140,145,790,361,730,230,449
547,56,624,764,157,290,23,682,453,572,776,121
262,764,226,97,12,62,592,261,662,188,402,558
232,93,457,186,682,186,271,398,578,302,160,235
190,267,260,770,453,793,112,558,123,625,522,676
79,154,94,323,473,86,634,104,642,467,441,368
738,676,661,588,379,458,233,502,641,459,202,676
315,601,126,614,141,742,137,662,459,755,722,799
469,760,64,591,6,574,511,454,735,616,147,629
198,492,296,92,678,282,457,397,239,525,344,780
540,788,797,502,371,594,62,684,488,239,481,390
280,589,710,164,292,470,146,163,437,580,494,414
350,680,284,435,694,92,54,582,37,15,558,721
656,550,351,693,310,442,65,323,684,281,253,446
34,704,712,573,5,223,244,527,314,153,17,64
32,528,202,331,722,497,703,245,545,674,216,510
50,372,592,789,523,797,571,781,136,579,667,790
598,338,363,521,342,146,56,776,775,756,611,144
592,236,582,521,472,287,61,120,167,591,396,94
491,45,253,423,699,38,586,245,458,61,661,365
496,63,511,243,260,476,589,267,593,103,563,723
287,485,767,72,777,545,221,658,484,594,61,82
95,560,214,781,562,419,46,618,168,59,191,38
501,371,738,159,192,431,352,419,9,684,203,759
209,192,384,122,52,103,575,335,592,442,107,390
295,237,485,772,691,353,286,573,720,146,181,188
345,206,299,375,244,471,581,390,640,765,525,241
507,766,216,736,195,533,754,170,10,212,401,748
53,515,445,780,20,607,643,495,202,705,381,217
460,603,423,79,550,386,702,668,123,62,248,12
250,780,252,788,372,282,443,665,773,572,454,508
767,697,511,597,350,606,168,319,612,226,292,588
2,64,195,15,212,382,386,366,123,695,477,695
622,77,370,669,337,394,559,277,53,94,332,745
269,584,59,773,680,83,152,663,572,108,252,254
605,423,302,538,482,19,69,557,190,599,21,775
138,243,78,337,657,476,705,15,162,699,324,243
203,221,25,611,399,422,408,120,254,744,367,259
342,738,687,547,52,622,277,763,517,707,643,591
771,220,701,675,303,683,462,380,549,152,415,180
522,730,178,254,171,178,200,733,570,686,311,767
798,407,568,29,749,230,569,573,377,512,602,369
42,486,333,143,380,659,70,22,692,789,639,127
584,669,340,283,115,705,34,511,493,50,552,746
764,194,23,336,197,674,615,107,496,45,664,193
330,466,459,403,749,162,113,375,278,463,338,409
439,746,196,279,598,463,25,317,339,95,510,315
170,558,678,632,390,60,85,304,85,323,493,432
251,469,796,403,450,72,710,109,87,180,509,787
629,339,167,537,257,562,714,537,201,403,306,78
31,640,436,146,166,681,56,696,423,45,103,485
524,627,20,180,613,574,741,607,571,656,356,540
532,562,525,409,148,302,346,375,452,183,367,201
585,73,229,38,466,286,295,426,478,775,676,171
392,196,75,794,398,614,26,549,621,189,390,7
413,748,410,502,574,549,36,145,62,687,489,379
454,612,95,754,789,20,222,251,622,728,745,160
304,560,345,591,180,230,538,540,455,508,291,281
287,178,345,156,244,31,482,99,572,719,657,765
621,57,112,458,69,712,157,653,232,345,207,186
476,596,228,677,192,214,313,512,267,688,657,390
200,406,439,180,496,349,657,753,419,720,517,521
756,369,577,604,40,319,527,200,396,684,440,87
760,670,245,365,368,197,237,401,437,156,270,170
305,169,791,362,144,636,783,732,626,227,308,432
725,342,546,154,508,551,294,734,269,232,785,51
23,95,716,747,460,22,721,552,75,531,495,640
440,573,611,600,463,197,135,46,62,739,624,441
573,103,316,678,110,135,704,298,243,333,233,516
270,780,166,319,692,567,473,292,84,791,217,332
240,264,316,636,291,473,543,450,709,245,539,620
176,684,486,5,702,605,48,267,632,731,172,620
301,531,692,287,489,218,415,225,22,564,21,350
434,448,39,692,682,172,740,386,300,90,741,509
579,711,10,722,177,338,547,643,582,230,164,274
633,475,655,775,182,640,186,388,417,168,329,706
174,408,58,119,786,448,652,596,269,764,230,503
448,354,632,75,300,705,717,39,364,354,672,578
463,777,512,461,319,247,4,249,349,639,308,262
572,25,40,119,238,196,439,48,401,654,349,327
115,53,100,798,361,257,401,27,603,76,433,444
585,642,632,599,559,218,505,260,268,326,426,748
61,788,777,195,470,443,503,271,304,25,346,20
538,489,278,396,67,763,294,287,682,529,590,628
384,361,730,211,18,99,106,794,5,100,800,535
495,794,420,149,59,319,242,455,66,762,716,222
145,742,154,26,159,504,591,267,549,267,302,271
382,484,157,3,38,501,249,424,764,13,510,624
336,678,435,161,550,177,776,640,531,682,357,259
67,341,34,284,601,761,64,220,766,519,395,542
395,793,392,62,739,166,582,409,409,624,113,53
415,294,210,363,766,31,32,524,585,613,690,79
452,389,320,357,735,654,168,582,38,259,69,475
671,143,468,616,440,663,161,54,641,60,12,698
637,183,486,296,186,673,225,631,453,16,8,471
243,545,791,382,384,101,587,673,713,624,698,219
418,741,76,83,149,693,349,426,685,363,356,518
135,592,519,665,196,139,192,596,141,528,292,42
500,481,11,217,559,23,423,150,10,478,221,160
434,259,722,617,349,688,720,220,248,709,346,650
72,27,537,503,554,155,167,191,368,165,396,414
800,446,538,717,360,452,283,144,475,218,194,18
697,132,511,733,431,209,214,706,730,374,257,200
192,305,348,730,127,460,316,469,13,7,597,154
71,491,654,107,664,757,266,485,375,587,695,740
757,217,20,410,552,628,680,578,767,494,531,24
314,455,266,356,740,150,702,711,229,307,163,600
148,604,53,31,154,30,450,624,194,44,41,9
555,366,374,421,415,790,617,738,796,37,219,589
455,432,94,136,308,547,454,683,622,13,451,276
186,414,457,106,17,82,336,270,406,771,422,421
83,153,25,192,483,719,276,545,624,623,779,539
20,450,711,514,74,441,380,240,103,401,775,166
387,200,797,532,48,392,445,501,513,700,58,471
656,743,215,740,764,77,589,481,552,349,788,664
281,450,229,519,401,625,738,306,689,66,403,389
341,700,208,622,440,189,72,55,631,728,603,512
55,567,518,665,393,192,19,42,496,758,721,748
529,362,367,379,624,749,627,222,115,155,463,5
691,491,359,586,733,93,50,199,22,229,427,750
769,466,514,290,726,416,271,479,778,616,623,272
491,223,60,759,249,490,407,241,187,65,572,27
687,484,54,557,713,512,785,475,611,453,264,514
676,421,729,179,770,18,663,745,281,698,513,294
556,372,268,654,22,33,626,726,2,129,20,601
196,354,593,126,508,304,617,302,796,623,717,103
720,506,372,635,503,630,529,197,475,224,597,398
505,669,425,140,752,266,17,733,45,417,285,495
201,189,99,563,167,431,391,353,186,602,29,231
92,638,508,402,276,288,165,115,578,416,130,456
398,367,342,190,685,624,240,376,85,708,662,486
773,495,796,184,667,222,729,87,449,388,2,202
694,300,399,684,562,741,469,25,638,96,366,710
330,552,480,362,431,93,765,33,584,492,492,12
711,433,671,664,574,524,581,699,453,314,196,317
441,710,678,5,583,442,430,783,393,65,288,627
20,388,520,469,189,363,326,643,345,27,588,467
775,472,352,163,20,549,683,564,676,124,396,541
751,253,392,472,430,504,208,674,261,633,94,394
411,112,61,361,516,644,681,616,800,213,429,709
121,48,533,720,25,770,620,561,228,95,543,152
671,641,44,224,422,156,636,562,354,467,353,727
364,724,783,600,357,678,441,315,779,41,478,155
138,468,332,537,529,142,795,779,783,513,416,750
361,145,402,182,190,413,479,340,522,225,233,249
542,711,161,293,196,293,479,748,472,11,448,126
297,665,776,746,40,20,172,53,157,106,359,610
747,498,466,344,784,558,601,627,378,565,611,650
470,742,293,115,178,352,786,199,772,231,567,264
203,637,686,765,37,721,699,734,652,71,799,61
249,542,35,713,258,786,550,625,758,683,396,458
207,576,94,49,13,311,57,416,113,569,607,654
631,786,457,360,586,239,687,525,152,178,533,286
658,123,131,324,678,553,788,56,405,783,690,270
305,333,366,44,385,313,179,521,185,387,436,163
285,736,17,130,500,578,69,79,512,712,337,459
607,128,452,193,172,234,435,147,45,163,788,481
419,295,181,312,505,316,524,289,474,381,196,719
50,472,198,642,130,673,591,456,637,767,292,4
329,334,533,445,499,590,709,338,709,797,193,317
78,750,277,675,198,663,785,78,253,510,504,221
164,651,17,680,217,435,356,187,169,548,301,172
232,524,509,156,311,448,162,63,249,104,493,731
144,165,409,737,46,100,182,427,532,142,3,534
118,132,145,305,607,337,273,301,714,494,654,43
782,166,71,96,171,583,355,564,732,211,800,594
87,201,7,327,687,241,194,378,283,437,520,162
463,474,785,573,542,480,213,419,339,85,352,557
294,183,299,378,790,23,449,683,519,645,129,444
731,282,273,317,701,606,445,561,212,50,386,64
238,635,500,537,720,589,519,273,548,286,436,572
374,646,439,294,450,387,243,628,133,176,603,746
20,421,620,48,741,576,553,160,119,231,260,648
145,684,574,502,16,386,530,427,538,788,20,779
31,465,199,498,140,260,771,199,54,54,291,12
275,49,508,289,237,390,26,417,97,574,134,663
562,394,523,151,73,594,213,567,669,630,209,199
767,227,65,63,552,599,477,261,587,61,696,77
76,748,306,782,219,768,435,432,794,368,334,263
578,796,170,173,401,91,694,339,600,370,763,217
657,18,423,288,666,302,636,431,602,591,238,149
597,378,62,550,676,147,597,521,778,272,630,632
428,43,757,706,340,16,282,455,169,296,438,444
218,636,259,626,469,449,448,713,383,523,548,131
379,356,11,437,502,245,416,245,450,374,662,725
121,33,425,145,471,699,411,616,304,480,73,351
131,356,366,539,99,713,195,171,55,573,660,721
44,136,124,747,3,451,98,682,322,238,791,105
665,509,604,491,419,317,654,3,757,497,174,252
744,264,196,252,202,756,62,231,775,785,644,299
63,629,17,233,367,397,376,191,588,351,504,682
405,497,411,531,118,284,204,73,555,84,264,454
624,171,788,512,555,249,274,90,753,279,254,93
781,670,110,230,481,410,467,556,7,624,417,355
594,543,614,280,267,252,144,649,536,65,722,295
134,731,246,170,271,176,485,750,133,271,392,733
677,784,753,153,79,29,747,750,20,629,322,366
770,348,695,426,84,799,124,514,470,368,749,352
87,429,499,424,426,129,395,356,693,608,321,454
652,323,174,499,87,8,534,797,541,599,541,7
176,533,253,706,442,242,465,597,401,254,242,346
417,531,387,594,368,75,695,94,792,398,450,175
10,659,110,602,713,751,95,656,87,181,676,760
389,520,783,86,550,482,216,634,480,649,719,74
571,389,343,106,626,578,652,516,297,252,409,440
432,303,525,670,473,24,675,2,777,466,251,611
277,545,104,563,338,700,419,724,786,476,407,631
513,757,489,435,751,247,394,44,367,746,536,188
799,727,365,393,225,293,552,753,559,358,685,297
141,127,79,245,146,677,206,355,265,115,580,190
541,410,744,556,593,776,48,29,737,382,593,33
794,483,781,538,97,575,89,558,371,628,608,95
296,673,345,708,595,112,534,264,790,587,126,128
295,58,358,442,249,655,293,623,368,760,770,560
176,202,430,38,448,243,147,604,603,362,783,689
419,171,126,707,327,85,626,633,453,532,315,742
401,206,572,417,278,782,55,86,637,651,674,411
330,392,626,249,306,534,144,712,59,261,770,355
661,97,773,283,172,518,198,392,30,565,157,149
399,559,164,654,399,643,374,327,294,647,13,255
706,72,590,624,508,468,432,113,172,334,342,488
34,325,553,135,130,433,372,480,314,188,507,293
137,371,430,256,531,158,257,542,140,245,46,112
109,595,634,293,401,51,426,158,577,743,639,337
295,776,146,338,422,112,380,84,665,465,151,28
491,633,257,462,687,45,226,404,300,46,168,182
682,787,280,523,547,338,275,293,368,102,524,695
787,775,456,506,357,448,53,258,232,650,58,540
371,341,112,508,684,31,539,533,556,683,537,179
705,248,737,740,703,720,429,175,552,470,590,460
49,559,656,395,783,784,504,23,135,671,579,147
25,138,314,114,655,267,423,51,375,310,160,375
425,90,785,708,559,313,655,799,348,284,424,687
434,115,72,36,430,471,398,454,647,561,40,652
494,287,673,378,233,523,181,775,251,758,753,127
774,514,167,273,295,326,783,690,446,37,501,283
44,397,156,207,599,725,97,176,35,362,371,646
609,114,643,466,377,226,136,677,682,59,261,590
138,407,191,155,755,192,309,53,218,602,633,304
794,345,355,284,740,253,779,445,732,299,254,430
232,718,291,671,274,375,359,473,660,151,787,268
55,466,731,112,309,680,669,62,46,33,57,38
550,480,421,686,12,337,625,84,47,398,174,597
227,28,246,152,130,220,545,108,124,412,632,624
551,759,437,320,10,548,724,47,535,619,36,191
728,180,539,391,325,199,713,353,189,165,769,521
394,183,545,375,80,101,613,165,275,8,221,466
236,400,254,302,627,272,415,156,361,106,17,704
787,664,502,604,133,468,226,293,108,39,692,577
209,423,446,422,761,336,46,611,430,138,724,66
575,314,571,502,664,211,574,43,103,193,531,677
174,354,622,741,566,412,187,72,39,74,339,247
644,155,733,560,81,466,507,289,757,221,202,7
512,42,233,790,197,541,534,408,65,218,793,649
49,196,13,80,479,159,202,478,799,99,70,3
796,548,147,229,317,795,596,354,785,231,237,366
63,26,342,405,345,165,419,19,320,742,661,115
633,25,272,786,157,71,720,574,5,245,348,453
143,558,520,149,490,39,515,266,184,40,762,592
457,800,641,273,491,428,178,3,260,691,158,149
536,164,534,379,68,252,59,558,753,199,487,575
502,259,261,214,371,273,622,367,472,425,690,748
649,301,631,585,145,98,102,725,773,106,769,267
79,541,342,169,495,429,545,18,390,540,601,384
324,534,277,289,745,364,694,336,202,638,292,389
443,76,573,537,485,109,33,688,8,662,666,292
228,580,620,277,158,542,322,36,581,655,436,761
49,231,166,263,108,471,126,493,591,507,173,438
242,614,364,97,507,772,310,62,760,214,168,462
368,212,571,591,452,715,507,57,117,433,299,218
383,753,54,577,708,120,688,212,145,612,186,271
585,159,234,731,593,651,667,32,642,491,732,130
415,712,483,516,348,764,718,461,153,275,245,765
406,146,240,466,563,240,124,24,380,642,486,196
5,622,766,389,296,542,169,779,408,81,754,258
294,591,359,117,209,221,660,474,758,233,643,564
735,554,602,293,755,457,26,549,484,556,494,755
280,727,709,388,356,774,599,631,713,760,437,261
288,586,768,266,419,239,494,277,518,640,183,272
30,265,149,166,165,290,107,766,383,608,184,353
530,713,401,48,678,641,418,344,558,201,680,263
95,286,96,380,659,454,347,552,462,344,519,258
526,460,545,239,435,514,7,116,527,499,112,121
77,657,675,725,775,272,256,756,547,798,16,740
2,19,646,275,102,754,585,26,603,148,342,97
396,127,70,469,766,780,219,630,540,139,575,633
491,455,555,83,371,31,9,619,70,470,596,40
15,16,6,455,711,180,230,397,701,53,237,306
290,527,241,664,211,390,615,726,335,294,694,95
234,27,536,582,378,485,521,7,780,528,19,638
242,538,601,18,723,675,187,253,361,546,438,11
327,84,64,795,572,50,479,469,766,766,173,516
354,684,342,74,155,524,41,633,6,197,41,310
446,520,734,516,146,602,151,160,366,156,777,678
568,358,791,483,469,207,419,327,327,717,244,220
51,163,395,123,127,468,328,679,665,708,483,378
644,179,767,637,39,575,643,328,239,306,728,339
343,506,394,69,664,191,796,261,443,405,723,226
469,518,294,293,99,456,765,132,554,640,217,552
450,56,397,652,433,416,119,313,618,401,608,497
445,115,786,509,790,144,687,199,89,679,254,364
157,146,12,730,86,212,626,789,259,384,752,510
301,430,258,642,748,490,185,54,191,76,80,144
193,680,173,11,88,193,86,492,213,550,450,277
435,662,630,384,326,479,442,240,157,53,490,397
557,318,162,235,709,68,454,175,352,309,400,179
681,80,800,713,226,136,610,785,233,542,373,735
595,163,426,211,762,290,533,338,497,6,686,76
167,448,671,293,133,617,109,42,470,729,549,594
260,793,517,162,687,60,208,243,179,65,19,494
90,443,503,692,674,378,543,189,176,75,260,146
467,72,16,13,9,103,305,241,509,792,360,540
543,166,304,693,480,583,223,628,551,781,590,137
233,473,49,788,260,463,769,655,415,513,306,146
426,349,672,796,452,471,432,293,231,379,413,325
532,22,538,232,210,662,293,158,214,86,273,369
580,101,530,65,30,784,129,652,696,754,454,425
223,252,271,491,37,543,315,497,30,107,569,231
54,55,743,424,47,23,205,433,73,691,550,143
685,611,70,660,483,679,485,342,244,95,172,565
385,126,614,772,756,508,58,535,488,632,610,619
330,574,781,488,570,469,96,217,68,125,515,528
642,634,147,713,660,504,199,772,578,134,611,165
347,619,392,735,424,205,44,548,22,392,49,393
142,228,24,329,196,2,356,698,376,635,227,46
632,383,376,620,353,572,378,153,644,705,789,771
129,574,80,683,742,333,441,337,233,781,700,624
292,482,361,325,677,360,138,359,270,745,667,623
11,193,640,162,627,343,686,70,468,294,174,692
247,691,151,307,14,318,743,527,575,146,132,513
437,166,524,464,406,265,85,796,117,443,11,197
668,666,706,689,43,205,292,731,419,282,447,627
600,367,387,677,340,661,659,503,579,555,444,175
298,603,549,496,720,580,391,595,314,396,382,625
88,169,111,568,336,323,773,153,785,757,635,698
342,261,691,684,496,456,451,513,391,461,481,676
618,315,618,673,716,553,403,388,554,6,70,416
627,708,345,700,346,305,383,455,345,431,190,481
724,332,624,45,495,543,380,695,480,74,204,225
371,529,218,295,98,635,419,83,738,46,481,776
293,464,452,67,385,387,207,732,717,48,214,494
368,42,503,346,682,765,146,203,346,232,175,411
413,652,619,792,669,494,495,41,198,512,509,24
46,224,650,84,761,127,190,562,502,352,454,30
103,583,719,283,4,750,706,313,722,291,598,53
154,145,766,759,448,646,391,538,670,430,36,502
568,621,51,352,386,503,377,745,598,331,216,95
259,268,93,353,423,43,759,9,710,630,511,119
546,176,733,93,444,334,577,589,134,35,51,236
631,777,10,442,521,213,49,700,554,113,720,410
736,359,651,9,373,95,696,676,762,174,47,464
20,203,166,12,357,112,247,280,339,709,351,364
23,546,380,100,370,590,538,577,796,495,265,17
390,146,708,557,303,80,242,428,160,293,492,545
7,209,726,227,219,291,455,471,71,299,697,151
750,444,35,632,303,682,756,168,209,660,238,207
348,381,115,375,711,56,16,375,557,53,89,32
721,609,213,296,542,148,510,464,102,425,769,177
137,381,129,12,146,525,418,495,650,456,509,69
655,491,223,558,463,201,377,533,173,292,757,722
226,493,502,701,88,560,93,338,3,622,37,792
473,605,539,177,12,522,631,198,212,375,228,293
125,11,253,422,547,720,755,495,220,569,658,406
91,766,142,782,285,600,238,105,20,791,376,286
472,722,307,240,740,241,775,604,463,511,180,240
339,532,103,473,342,649,440,362,357,250,399,611
113,628,238,680,785,131,257,402,64,657,342,42
578,749,338,728,111,144,171,225,169,619,255,623
768,697,782,410,29,694,526,160,776,605,425,784
719,736,720,748,165,274,300,337,369,391,347,578
431,522,745,97,390,460,88,603,761,294,235,145
261,676,507,281,791,581,351,209,256,727,784,678
679,167,98,318,216,288,151,469,463,612,311,682
717,719,538,791,72,786,291,465,306,524,561,459
773,38,32,719,575,50,92,735,293,470,667,402
399,474,551,40,482,709,310,266,255,354,365,174
468,671,356,308,661,629,144,293,600,271,622,290
777,727,423,6,762,353,657,203,429,747,533,69
654,532,410,735,346,490,334,31,142,638,787,657
25,416,434,19,535,428,781,278,621,643,338,549
393,578,275,172,429,43,640,95,575,637,641,286
329,284,569,783,467,785,729,692,370,661,96,312
753,240,239,167,135,527,209,387,98,541,489,621
218,692,655,169,195,163,415,45,292,516,373,90
16,556,206,375,222,479,7,286,220,710,350,579
55,255,313,141,662,34,655,170,784,114,66,662
231,695,430,490,339,244,772,335,354,33,264,115
138,246,372,86,675,752,591,497,577,371,257,346
318,366,103,124,700,101,286,220,721,297,480,223
223,561,416,238,273,567,145,678,777,642,549,15
385,548,793,418,81,371,316,154,91,2,485,623
755,503,355,481,618,345,750,316,282,174,370,250
678,42,720,624,388,139,311,351,216,527,145,464
280,375,643,252,193,702,787,566,402,213,180,349
308,337,270,24,297,34,518,666,406,740,218,144
729,476,536,169,128,34,147,402,179,744,589,277
640,776,237,245,754,507,96,423,347,127,659,275
76,91,385,101,667,3,61,97,500,280,686,678
134,766,180,503,436,184,621,122,189,771,252,464
289,541,122,126,97,264,660,190,600,624,182,442
734,547,103,330,753,123,482,71,591,789,791,478
769,480,153,142,375,672,339,71,112,210,149,58
625,493,394,700,521,312,364,423,453,482,182,734
77,164,687,226,479,420,271,627,463,157,469,281
276,216,56,767,728,255,587,305,57,452,625,64
512,575,717,460,153,57,537,624,574,118,678,216
181,25,334,697,784,563,415,463,371,107,287,730
189,649,133,126,613,642,264,234,723,176,11,775
299,276,457,600,627,227,542,101,427,674,750,59
187,733,294,173,479,630,735,729,4,136,278,588
636,150,229,765,435,341,219,350,200,581,286,44
185,750,494,706,263,402,153,47,389,261,744,695
403,72,393,535,197,173,58,106,636,31,508,631
514,204,116,129,82,140,353,234,163,150,798,102
151,571,36,135,274,334,268,268,701,330,361,289
147,618,463,17,372,97,778,171,178,380,189,62
749,511,68,392,753,202,551,737,426,224,372,767
765,421,277,286,517,511,671,704,110,497,708,697
677,30,151,499,706,9,63,14,636,134,407,422
454,128,262,741,657,305,709,7,35,183,755,616
301,444,250,666,665,640,174,302,312,580,103,560
512,170,643,649,499,768,631,198,138,255,4,495
383,338,104,526,711,110,706,97,510,538,237,408
271,209,547,153,530,131,591,434,468,196,45,223
205,99,182,335,284,442,587,408,260,523,743,113
156,708,150,162,195,40,269,676,297,587,25,49
277,16,711,223,512,16,296,749,203,574,191,172
690,11,207,770,578,292,9,554,116,555,435,351
621,182,618,741,639,449,474,377,141,472,431,90
234,86,791,444,183,568,590,680,420,244,213,78
146,480,526,514,588,432,723,744,155,229,653,372
308,296,766,41,602,498,191,485,322,171,38,67
402,286,95,637,501,417,604,613,669,383,212,655
694,373,397,263,769,140,360,730,40,320,371,685
33,335,324,322,276,727,335,370,16,364,67,468
212,564,564,124,512,272,201,382,292,744,700,56
494,662,312,146,140,96,456,328,747,603,343,771
624,572,578,651,263,598,52,419,244,560,395,64
477,202,495,683,325,730,156,627,445,227,61,375
362,285,125,659,69,555,120,510,188,637,303,177
93,570,467,564,192,506,426,667,221,343,560,255
793,400,289,778,89,122,425,514,355,202,388,790
682,400,285,560,51,447,514,708,82,588,636,631
663,425,756,459,46,3,296,638,340,533,520,561
26,731,52,726,415,179,395,493,559,575,662,14
551,420,108,107,397,126,531,356,145,711,726,757
180,202,275,414,337,339,38,490,717,254,18,140
430,625,743,33,537,549,122,626,169,690,236,358
740,469,208,549,61,183,512,164,309,237,719,580
300,225,507,56,294,250,156,633,717,546,525,111
637,769,132,460,493,71,98,34,651,255,437,152
331,638,620,40,558,363,740,607,137,309,450,715
41,261,721,192,623,170,667,459,480,749,333,457
309,65,388,23,333,599,339,795,779,392,455,627
483,150,499,137,571,367,150,280,557,311,29,21
342,789,349,92,275,346,750,624,692,443,448,651
525,434,184,171,134,202,131,718,512,513,455,707
173,135,530,751,517,574,548,153,269,280,199,722
367,378,632,755,99,363,553,721,426,632,48,415
741,628,623,130,634,135,344,516,654,787,304,411
458,679,747,457,569,762,670,544,48,241,492,241
159,453,56,320,452,471,467,435,203,454,266,29
271,790,247,59,255,428,341,788,392,97,358,110
605,618,152,142,32,68,698,286,703,123,608,118
324,135,512,672,126,94,436,769,557,766,57,302
160,519,46,662,145,642,609,326,229,754,557,548
411,57,522,495,59,668,194,261,724,393,768,382
61,87,784,390,627,320,661,554,176,156,566,356
210,631,458,319,8,354,452,264,25,308,256,480
511,386,783,310,136,681,265,716,255,720,209,485
166,456,612,45,719,83,559,694,708,165,374,105
537,628,452,407,288,356,148,516,432,45,793,677
629,428,161,422,135,209,7,245,554,126,562,144
645,387,678,606,28,641,136,500,719,313,17,172
288,545,677,203,464,355,716,345,714,104,201,2
127,647,238,111,204,434,612,218,200,648,346,700
761,616,538,160,18,478,323,608,149,453,174,662
396,15,317,83,82,241,605,644,8,244,20,744
350,316,32,46,302,599,535,332,57,69,23,299
293,383,317,757,628,719,381,759,650,74,144,155
327,92,594,57,265,583,733,244,336,44,523,280
577,192,643,577,314,723,781,76,412,316,425,775
313,123,54,715,156,736,633,50,402,752,160,31
76,679,41,212,541,318,528,49,303,126,701,323
355,53,534,787,33,416,343,558,69,581,48,645
510,727,201,234,515,432,308,97,579,285,204,723
497,422,795,235,511,628,32,50,78,590,699,42
471,186,232,607,254,747,486,485,399,42,178,763
16,767,463,479,657,196,634,346,696,764,78,469
176,439,382,471,455,637,102,223,512,157,6,658
116,705,427,120,745,234,336,438,595,772,350,536
341,484,356,549,531,370,784,311,343,755,528,46
664,229,273,283,98,470,506,248,195,773,255,304
3,389,784,263,415,171,184,369,711,77,156,709
269,701,164,79,337,516,231,800,542,508,526,146
51,180,250,696,450,440,473,577,412,559,216,211
327,709,664,135,355,185,706,607,424,723,337,779
707,613,158,496,781,534,281,265,64,800,236,412
219,452,396,133,171,319,326,752,127,242,134,662
527,250,536,352,49,290,439,634,383,361,54,317
233,223,590,69,770,252,750,310,261,59,250,613
25,346,449,425,713,65,27,734,659,31,102,768
234,659,641,736,374,99,65,279,66,302,289,426
578,431,684,644,237,697,795,493,267,746,50,645
441,339,550,423,534,196,108,510,755,55,181,64
539,401,299,539,788,146,46,341,77,160,724,675
589,292,356,147,705,714,737,385,438,86,525,594
373,403,450,702,467,418,649,279,128,293,239,636
689,540,728,235,197,778,280,91,438,795,345,736
480,347,24,163,253,66,472,58,79,138,486,302
385,685,266,328,302,301,768,179,587,275,92,343
36,114,744,583,429,648,386,313,526,85,686,502
109,734,557,149,455,719,522,676,699,77,36,772
36,599,35,417,297,672,22,123,269,205,649,493
191,753,182,262,316,287,128,86,381,631,583,328
344,404,87,613,670,105,438,619,407,115,643,202
413,546,222,610,137,15,314,351,365,203,182,668
116,569,608,300,196,626,227,658,102,261,632,696
473,152,326,287,93,126,536,624,244,687,721,687
35,542,464,385,208,779,193,750,82,242,487,317
717,562,561,354,500,136,447,624,743,215,781,472
687,489,277,599,660,539,320,89,583,161,594,771
71,460,201,361,498,561,689,19,632,667,167,533
583,65,94,602,79,97,398,420,102,71,146,754
714,200,459,733,268,702,250,504,146,539,244,707
13,518,507,106,417,789,347,352,468,368,777,85
240,65,418,574,93,379,175,243,246,421,740,535
