306,68,310,329,444,577,548,360,460,439
310,78,323,307,444,568,575,393,468,460
295,78,315,278,426,544,583,412,456,461
296,76,315,282,428,547,580,408,456,459
301,76,317,291,433,554,578,403,460,459
280,60,298,277,413,535,565,398,440,443
285,53,297,296,420,548,554,380,442,436
260,28,271,286,396,527,532,368,416,411
255,41,272,267,389,515,544,387,414,419
230,32,247,259,364,494,524,377,388,395
235,11,245,278,372,508,511,358,391,387
258,24,258,311,397,538,504,335,409,389
303,93,327,272,432,545,598,428,465,474
302,106,331,255,427,534,611,446,465,483
276,89,306,241,402,512,590,435,439,459
278,73,301,259,407,523,577,416,439,451
290,122,327,223,409,507,620,468,454,485
238,104,278,196,358,463,581,449,402,440
252,58,276,248,382,502,557,406,413,427
250,77,280,229,377,490,570,425,413,436
224,73,256,220,352,469,551,416,387,413
226,52,250,239,357,482,537,396,387,404
186,74,215,221,317,445,516,395,348,374
187,111,231,180,307,420,545,435,350,397
135,138,186,179,256,379,512,427,299,356
149,95,175,229,285,423,481,378,309,336
147,107,182,209,277,409,496,398,309,347
121,128,159,211,253,390,479,396,283,327
124,117,151,231,261,405,464,375,284,314
211,45,206,302,352,502,462,316,358,340
195,45,207,261,333,472,488,356,351,355
162,80,167,270,303,453,452,338,314,316
154,85,170,249,293,438,466,358,311,325
130,110,145,252,270,420,448,355,285,303
139,106,141,272,281,436,434,335,288,293
167,94,155,301,309,468,422,305,308,291
392,195,359,483,533,693,485,239,515,429
365,157,340,444,507,662,497,265,497,425
326,144,293,431,467,629,448,230,450,374
355,185,315,471,495,661,435,199,470,377
342,121,325,405,484,633,511,294,481,426
322,89,315,367,463,604,528,326,469,431
276,63,264,351,418,567,483,298,419,380
299,103,276,391,441,597,464,263,433,374
260,110,228,384,401,565,417,239,385,323
233,73,214,343,375,533,438,277,370,329
195,111,164,342,335,501,396,265,321,278
226,137,183,383,364,535,372,224,339,271
323,188,274,465,459,632,385,166,427,326
290,149,249,424,429,598,400,202,405,322
260,170,208,424,395,570,352,184,361,270
296,206,238,465,427,606,336,144,386,275
368,315,438,137,429,446,769,660,514,610
394,355,468,151,445,444,802,699,535,640
358,349,435,107,398,392,772,686,492,607
328,308,403,87,381,394,738,646,469,575
423,395,499,173,463,446,835,738,558,671
454,436,532,202,484,451,869,778,582,704
423,431,504,172,442,400,842,767,543,674
390,390,469,137,419,394,807,726,516,640
361,392,443,114,376,342,781,718,477,611
396,433,479,154,402,350,817,759,506,646
370,428,454,141,367,309,791,745,472,619
361,434,446,145,348,284,781,743,456,607
337,401,421,112,336,291,758,713,441,585
294,299,371,47,341,357,708,629,431,543
309,319,388,58,349,354,725,649,442,559
293,323,374,42,326,328,712,645,421,544
277,296,356,27,321,338,693,621,411,527
285,307,364,33,325,337,702,631,417,535
277,309,357,25,313,324,696,629,407,528
269,299,348,17,309,325,687,619,401,519
326,351,407,75,353,340,745,677,450,577
300,361,383,72,310,288,721,672,411,549
264,321,346,36,287,291,684,632,384,514
296,158,342,191,405,489,647,506,459,506
307,196,361,165,405,473,676,544,468,529
259,186,318,126,353,425,641,527,418,488
245,145,296,159,353,442,610,488,408,463
324,235,384,145,409,460,706,582,480,554
344,275,410,135,417,451,737,621,496,582
302,267,372,84,367,400,705,606,449,545
278,227,344,99,358,411,672,567,432,516
240,218,309,78,318,377,640,548,392,481
252,238,323,62,322,370,657,568,400,496
232,242,306,48,296,346,642,564,377,479
219,222,291,67,292,353,625,544,368,463
265,258,339,50,327,365,674,588,410,511
279,279,355,44,333,360,691,609,420,527
261,282,339,18,309,335,677,605,398,511
246,262,323,30,302,340,660,584,387,495
229,282,310,26,269,299,648,591,359,480
199,230,274,66,267,329,611,541,345,446
214,249,291,45,271,321,628,561,354,462
197,259,277,57,246,297,615,559,332,447
181,240,259,74,241,306,598,539,322,430
196,150,252,140,301,397,576,475,357,422
213,189,278,100,301,377,608,516,369,450
174,192,243,106,262,348,577,500,329,415
186,211,258,86,263,338,594,520,336,431
166,222,242,92,238,315,580,518,313,414
155,196,226,115,242,334,562,493,309,399
161,205,234,105,243,328,570,504,312,406
151,212,226,109,230,317,563,503,300,398
145,203,218,119,229,323,555,493,297,390
148,171,212,138,249,354,544,468,307,384
108,187,178,159,212,329,514,456,267,350
120,202,194,140,210,316,531,477,273,366
101,220,180,153,184,296,518,478,249,350
89,198,162,172,193,318,500,452,247,334
95,205,170,163,192,311,508,462,250,342
85,215,163,170,179,302,502,463,237,334
78,208,155,178,181,309,493,452,234,326
133,218,211,122,210,304,549,497,280,382
149,235,228,105,212,293,567,518,289,399
134,251,216,122,186,271,555,519,266,384
117,235,198,137,184,283,536,498,257,367
103,253,188,155,158,263,525,500,234,353
122,268,207,142,161,250,543,520,244,371
116,286,201,163,135,230,533,524,223,359
96,272,181,175,132,244,514,503,211,341
69,218,148,186,168,300,487,454,222,318
76,225,157,177,166,293,496,464,225,326
69,235,152,185,153,284,490,465,213,319
60,229,143,193,155,292,481,455,209,311
85,239,169,169,158,277,506,480,225,336
76,260,161,188,132,259,495,483,201,323
53,240,138,202,143,283,475,457,197,304
63,245,148,194,141,275,484,467,201,312
59,256,144,203,128,267,479,469,189,306
49,251,134,210,130,275,469,459,185,297
167,268,250,92,206,266,588,549,294,417
203,303,288,75,222,250,625,590,318,453
189,331,274,127,178,202,605,593,280,430
142,283,227,130,166,238,562,541,256,389
162,299,247,121,174,227,581,561,269,407
157,315,241,146,150,205,571,564,249,397
136,300,221,153,142,217,552,544,235,378
136,319,218,177,118,197,544,548,216,368
156,333,239,171,128,184,563,568,231,387
160,352,239,196,108,164,556,574,215,380
140,338,219,202,95,179,536,554,199,360
188,364,269,179,139,156,589,601,247,413
187,385,262,218,108,131,569,600,219,394
206,399,283,217,126,118,589,620,237,414
216,418,288,243,117,99,585,627,227,410
197,405,268,244,97,115,564,607,208,390
149,359,222,226,75,163,529,560,183,354
168,371,242,221,90,147,549,580,201,374
179,392,248,247,78,132,544,588,189,369
154,372,222,247,58,157,520,561,169,345
162,378,231,244,67,148,530,571,178,355
169,388,235,256,61,142,528,575,172,353
161,382,226,259,52,152,518,566,163,343
49,262,132,219,118,268,464,462,173,291
59,267,142,213,115,259,474,472,177,300
61,278,141,222,102,252,469,475,165,295
51,273,131,229,105,261,459,465,161,285
69,273,153,206,113,251,483,482,182,309
79,278,163,199,112,243,493,492,187,319
81,289,162,210,99,235,488,495,176,313
71,284,152,216,100,244,479,485,170,304
75,295,152,226,88,236,474,488,159,299
84,300,162,221,86,228,484,498,165,309
90,311,163,232,74,221,480,501,155,304
81,306,153,237,75,230,470,491,148,295
57,285,131,239,93,254,455,468,149,280
66,290,142,233,90,245,465,478,154,290
72,301,143,243,78,239,460,481,143,285
64,297,133,249,81,248,451,472,138,275
95,293,177,196,106,227,505,508,190,330
115,305,198,186,110,212,524,528,202,349
120,326,198,209,86,195,516,534,184,340
94,306,172,215,87,219,494,508,171,318
104,311,183,210,88,211,503,517,178,328
108,322,184,222,75,204,500,521,168,324
99,317,173,226,74,212,490,511,161,314
105,328,176,238,61,206,486,514,152,310
114,333,186,233,63,197,496,524,159,320
121,344,189,245,50,190,493,528,151,317
113,339,179,249,48,200,483,518,143,307
123,339,196,229,66,188,506,534,167,330
132,344,206,225,71,179,516,544,175,340
138,355,208,237,60,172,513,548,167,337
129,349,198,241,54,181,503,538,159,327
137,360,202,253,43,176,500,542,151,325
145,366,212,250,50,166,510,552,160,335
153,377,216,262,43,161,508,556,154,333
145,371,206,265,34,171,498,546,145,323
121,350,183,261,35,194,480,523,134,305
129,355,192,257,38,185,490,532,143,315
137,366,197,269,27,180,488,537,136,313
130,361,187,273,22,190,478,527,127,303
74,308,136,259,70,242,447,475,126,271
81,313,146,254,65,233,457,485,132,281
90,324,149,264,54,228,453,489,122,277
80,316,136,269,63,241,442,476,117,266
83,318,141,266,60,236,447,481,120,271
88,324,143,271,55,234,445,483,114,269
85,322,138,274,58,238,440,478,111,264
89,317,156,248,62,224,467,495,138,291
97,322,166,243,61,215,476,505,145,301
105,334,169,254,48,209,473,509,135,297
97,329,159,259,50,218,463,499,128,287
107,341,163,270,37,213,460,503,119,285
114,345,173,266,35,204,470,513,126,295
123,357,178,277,22,200,468,518,118,293
117,352,169,282,26,209,457,508,110,282
91,328,141,280,53,236,438,481,106,263
93,330,146,277,50,231,443,485,109,268
99,336,148,282,45,229,442,488,104,266
96,334,144,285,49,234,437,483,101,261
100,336,154,276,43,223,450,494,112,275
111,348,160,287,33,219,447,499,103,272
102,340,147,291,45,232,436,485,96,260
105,342,151,288,41,227,441,490,99,265
110,348,154,293,38,226,439,493,95,264
108,346,150,296,42,231,434,488,91,259
242,340,326,79,244,240,662,631,346,489
281,377,366,101,270,236,700,672,376,526
270,400,355,144,235,184,682,675,344,507
229,365,314,129,204,189,643,634,311,468
320,416,405,132,300,240,738,712,408,563
360,454,445,168,332,250,776,753,441,601
352,473,436,196,304,201,760,756,415,585
311,436,395,167,268,189,721,715,379,545
310,462,392,209,245,138,708,722,356,532
351,497,433,233,283,155,748,762,393,572
346,509,425,258,263,118,730,759,372,556
351,524,428,281,259,98,726,765,365,553
299,468,378,231,219,103,686,713,329,511
309,476,389,235,229,106,696,723,339,521
312,484,390,247,226,94,694,726,335,519
302,476,380,243,216,90,684,716,325,509
326,492,405,248,243,106,710,739,352,535
332,508,408,271,238,85,706,745,345,532
312,492,388,262,218,74,686,725,325,512
229,395,310,180,172,139,628,641,282,452
270,428,351,191,207,132,668,682,318,492
266,444,343,225,183,94,650,679,294,475
286,460,364,231,203,94,670,699,313,495
292,476,368,255,198,68,666,706,305,492
273,461,348,250,177,68,645,686,286,471
226,413,303,218,144,107,609,640,256,434
246,428,323,220,164,98,629,659,274,454
254,446,328,246,157,74,625,666,266,451
234,432,308,244,137,85,605,646,246,430
245,451,314,269,134,66,601,654,240,428
264,465,334,272,155,52,622,674,260,449
268,476,335,290,151,42,615,675,252,443
277,482,345,292,161,34,625,685,262,453
284,492,349,304,163,28,624,689,261,453
275,485,340,303,153,38,614,680,251,443
258,471,323,295,136,54,599,663,236,428
282,479,354,275,175,43,642,693,280,469
301,494,373,280,196,43,662,713,300,490
312,512,381,305,197,18,660,721,297,489
294,498,361,301,177,19,640,701,277,469
307,517,371,326,182,16,639,710,276,470
324,531,390,330,202,15,659,729,296,490
338,550,400,356,210,39,659,739,297,492
322,537,382,352,191,39,638,720,277,472
273,491,333,321,143,53,598,672,235,429
290,504,352,323,163,33,618,691,255,449
306,524,363,349,173,49,618,702,257,452
290,512,346,347,154,64,597,683,236,431
320,509,393,287,216,51,683,732,320,510
339,524,413,294,237,66,703,752,341,531
349,541,420,318,238,54,701,760,338,530
330,526,400,311,217,34,681,740,317,510
359,540,433,303,257,83,723,772,361,551
368,557,439,327,258,73,721,779,358,551
378,574,447,350,262,73,720,787,357,551
391,592,456,374,268,81,720,796,359,553
335,536,402,328,216,26,675,742,311,505
344,544,411,331,226,36,685,751,322,515
350,553,416,344,228,40,684,756,322,516
341,546,406,341,219,31,674,746,312,506
353,551,421,335,236,47,695,761,332,525
362,558,431,338,246,57,705,771,342,536
368,567,435,350,248,59,705,775,342,536
359,560,425,347,238,50,695,765,332,526
373,577,437,367,249,63,700,777,338,533
348,555,411,353,222,40,674,751,312,507
356,562,421,356,232,47,684,760,322,517
363,572,426,368,236,57,685,765,324,518
355,565,417,366,227,51,674,756,313,508
370,583,430,386,239,70,680,768,321,516
379,588,441,384,251,73,695,780,335,530
387,595,450,387,260,80,705,789,345,540
395,605,456,399,265,90,706,794,348,542
386,598,447,396,256,84,696,785,337,532
394,608,453,409,262,95,697,790,340,535
402,614,462,412,271,100,707,800,350,545
386,603,442,411,251,94,682,779,327,521
404,610,467,398,277,96,721,806,362,557
411,621,471,415,280,106,717,809,360,555
308,533,359,373,169,82,598,694,241,435
322,545,376,375,186,71,619,713,261,456
341,566,391,400,201,95,621,724,268,461
327,555,374,399,186,103,600,706,248,441
330,549,386,370,195,59,634,724,275,470
338,555,395,372,204,57,644,733,285,480
346,565,402,384,211,70,645,738,287,482
338,559,393,383,202,72,635,729,277,472
354,570,412,381,221,64,660,750,301,496
362,582,417,399,226,83,656,753,300,494
370,588,426,401,235,84,666,762,310,504
355,578,408,403,217,90,641,742,287,481
118,356,157,303,37,226,435,494,86,260
123,360,166,298,27,216,445,504,94,271
134,372,173,310,26,213,443,509,87,270
126,364,161,313,38,227,431,496,78,257
128,366,165,310,33,222,436,501,82,262
134,372,169,316,34,221,435,503,79,262
132,370,165,318,39,226,430,499,75,257
128,364,175,293,17,206,455,513,103,281
134,368,184,289,10,196,465,522,111,291
144,380,190,301,7,193,463,528,106,290
139,376,182,305,16,203,453,518,96,280
150,388,189,317,24,202,452,524,91,279
155,392,197,313,19,191,462,533,101,290
167,404,205,325,32,190,461,539,98,290
162,400,197,329,35,201,450,530,88,279
138,377,169,324,41,225,429,502,71,256
140,378,173,322,36,220,434,506,76,261
146,384,177,328,39,219,433,509,73,261
144,383,173,330,44,224,428,505,69,256
142,380,177,319,32,215,439,511,81,267
144,382,181,317,27,210,444,515,85,272
150,388,185,323,31,209,444,518,83,272
148,386,181,325,35,214,439,514,78,266
158,396,189,333,40,211,440,520,78,269
154,393,182,337,47,221,430,511,68,259
140,373,193,285,10,186,475,532,120,301
147,378,202,281,18,176,485,541,130,311
156,389,208,293,17,173,484,546,124,310
150,385,199,297,8,183,473,537,115,300
154,383,211,277,28,166,496,551,139,322
161,388,221,274,38,157,506,560,148,332
170,399,226,287,37,153,504,565,144,331
163,394,217,290,27,163,494,556,134,321
173,405,223,302,32,161,492,561,131,320
180,410,232,299,41,151,503,570,141,330
189,422,239,312,48,149,501,576,138,331
183,417,230,315,41,160,491,566,128,320
161,396,206,309,19,181,472,542,111,300
167,401,215,305,25,171,482,552,121,310
177,412,222,318,35,170,481,557,118,310
172,408,213,321,32,180,471,548,108,300
183,420,221,333,45,180,470,554,107,301
188,424,229,330,47,170,480,563,117,311
199,436,237,342,60,171,480,569,117,312
194,432,230,345,58,181,470,560,107,302
194,429,237,327,52,159,490,572,127,321
200,433,246,324,58,149,501,581,137,331
210,445,253,337,68,150,500,587,138,332
204,440,245,339,63,160,490,578,127,322
216,452,254,352,75,162,490,584,129,324
221,456,261,350,79,152,500,593,139,334
232,468,270,362,91,155,500,599,142,336
227,464,262,365,87,165,490,590,132,326
206,444,238,358,71,182,469,566,109,304
210,448,246,355,72,172,480,575,119,314
222,460,255,367,85,175,480,581,122,316
218,456,248,370,84,185,470,573,112,306
167,405,191,349,57,221,429,518,66,260
170,408,198,345,51,211,439,527,76,270
182,421,208,357,63,211,439,533,76,271
179,417,201,361,67,222,429,524,66,261
174,412,206,341,47,200,450,536,86,280
178,416,213,337,45,190,460,545,96,290
190,428,222,349,58,191,459,551,97,292
186,424,215,353,59,201,449,542,87,282
206,444,232,369,77,199,454,556,96,290
192,430,211,373,79,223,428,531,69,263
195,433,217,368,75,213,439,540,79,273
207,445,227,380,87,215,439,546,84,276
204,442,221,384,91,225,429,538,75,266
177,401,237,277,52,140,520,577,160,347
193,413,256,272,73,121,540,596,180,367
209,434,267,298,77,114,538,606,175,366
195,424,249,302,58,135,517,587,154,346
210,425,275,270,93,102,561,615,200,387
227,438,295,269,114,83,581,635,220,408
242,458,304,295,116,74,578,644,215,407
225,446,285,296,96,94,558,625,195,387
242,467,297,322,106,94,557,635,194,388
257,479,315,321,124,73,577,654,214,408
275,500,328,347,137,81,577,664,216,411
261,489,311,348,121,100,556,646,196,391
214,446,262,327,73,134,516,598,153,347
228,456,279,324,89,114,536,616,173,367
247,479,294,350,106,119,536,628,176,370
227,461,269,347,85,142,510,602,149,344
233,466,278,345,91,132,521,611,159,354
243,477,286,358,101,136,521,617,162,356
237,473,278,360,96,146,511,608,152,346
257,492,294,378,115,148,517,622,162,355
268,502,310,375,126,130,537,640,182,375
289,525,327,401,148,144,539,653,191,382
279,516,312,404,139,161,519,636,173,362
280,511,326,373,139,112,558,658,201,395
294,522,342,373,153,96,578,676,221,415
313,544,358,399,172,115,580,688,229,421
301,534,342,399,159,129,560,671,210,401
224,462,240,400,107,225,435,553,90,276
230,469,252,393,103,205,455,570,106,296
255,493,273,418,129,215,458,584,122,304
250,487,262,425,132,233,438,568,107,285
238,476,265,387,103,186,476,587,124,316
246,484,279,382,108,167,496,604,143,335
270,507,298,408,133,178,499,618,155,343
262,500,285,412,129,196,478,601,138,323
277,234,208,470,399,583,288,140,348,224
238,203,174,430,364,546,307,181,320,218
226,243,150,442,339,525,264,191,282,166
266,269,189,481,377,564,241,154,313,174
200,176,143,389,331,509,330,221,295,219
163,156,118,349,299,473,356,262,274,228
158,196,93,369,283,464,321,257,246,188
138,190,79,350,266,446,335,277,235,196
133,215,61,359,252,435,319,283,213,172
153,221,78,378,270,454,303,264,224,164
185,221,112,403,303,487,290,230,254,168
193,260,111,426,296,484,255,235,233,128
173,252,91,407,277,464,271,254,218,132
176,276,91,418,268,457,255,265,201,108
196,284,112,436,287,476,238,248,217,102
152,245,70,388,258,445,287,272,204,140
132,240,50,370,239,425,303,291,191,150
140,260,55,383,236,424,288,294,179,130
130,258,45,374,227,414,297,304,173,137
133,271,49,381,222,411,290,309,163,127
143,273,59,390,232,420,281,300,170,120
160,266,75,402,255,444,271,276,194,120
150,263,65,392,246,434,280,285,186,125
153,275,68,399,241,430,273,291,177,114
163,278,78,408,251,440,264,282,185,109
164,295,81,413,241,431,259,296,169,95
148,286,65,397,228,417,275,306,161,110
138,284,56,388,218,407,284,315,154,117
144,297,65,395,215,404,279,321,145,109
153,299,73,404,225,414,270,313,153,101
159,311,82,411,223,412,264,320,145,93
150,310,75,403,212,402,274,328,137,101
158,322,86,410,211,399,269,335,129,95
166,324,92,419,221,410,260,327,138,86
177,316,97,428,243,432,245,303,162,77
168,313,89,419,233,422,255,311,153,85
175,326,98,427,231,420,250,319,147,77
183,328,105,435,241,430,240,310,156,69
203,308,118,448,281,471,223,262,203,77
183,301,99,431,261,451,241,279,185,84
194,326,113,444,257,446,229,294,173,62
212,332,130,462,278,466,210,279,191,52
275,305,193,502,373,562,203,166,300,142
255,292,172,483,354,543,214,182,282,134
257,313,173,492,347,536,194,198,269,110
277,325,193,511,367,556,181,183,287,120
234,280,152,464,334,523,227,199,265,129
214,270,131,445,315,503,240,217,249,127
217,293,132,455,307,496,223,231,234,101
237,302,152,474,327,516,208,214,251,103
242,325,157,485,322,511,190,231,239,78
222,316,137,466,302,491,206,246,221,75
231,340,147,479,298,487,192,263,210,49
250,348,166,497,318,507,175,249,230,54
282,346,197,522,362,551,161,203,277,99
262,335,177,503,342,531,175,216,258,87
269,358,185,515,339,527,158,236,249,66
289,368,204,533,359,547,142,223,269,81
130,145,103,309,269,438,384,303,258,244
117,131,115,277,260,420,416,334,263,270
107,135,119,257,248,404,431,354,259,281
93,153,99,267,235,396,415,349,241,263
87,155,103,257,229,388,423,360,239,269
76,167,91,261,218,380,415,361,227,259
83,166,87,271,224,389,407,350,228,252
98,157,90,283,239,405,399,335,237,248
94,173,73,296,232,403,383,329,223,231
89,173,73,291,229,399,387,334,222,234
86,180,67,294,224,395,383,335,216,228
90,180,66,298,228,400,379,330,217,225
81,177,72,285,221,391,391,342,217,236
74,190,59,290,212,384,384,344,205,226
87,186,60,301,223,397,375,331,211,220
83,186,60,296,219,392,379,336,210,223
80,193,54,299,215,389,376,337,203,218
84,193,53,303,219,394,371,332,205,215
73,178,75,276,214,382,400,352,215,242
66,180,79,266,208,373,408,362,214,249
57,193,68,272,198,366,401,364,201,239
65,191,63,281,205,375,392,354,202,232
63,201,53,288,199,372,385,353,193,224
58,201,56,283,196,368,389,358,192,227
56,208,51,286,191,365,386,359,186,223
61,207,48,291,195,369,381,354,187,219
54,202,59,278,192,364,393,363,192,231
49,203,62,274,189,359,398,368,191,234
46,209,57,277,184,356,394,369,184,230
51,208,54,281,187,360,390,364,185,226
49,215,49,285,183,357,387,366,179,222
44,216,53,280,179,353,391,371,178,226
43,222,49,284,175,350,388,372,172,221
48,221,45,288,178,354,383,367,172,217
59,213,42,294,190,366,378,356,181,214
54,214,46,289,187,362,382,361,180,218
53,221,41,292,182,359,379,362,173,214
58,220,37,297,186,363,375,357,174,210
82,199,47,306,214,390,368,333,199,210
77,199,48,301,210,386,372,338,197,213
75,206,41,304,206,383,368,339,191,208
80,206,40,309,210,388,364,334,192,205
72,200,49,297,207,381,376,343,196,217
68,200,51,292,203,377,380,348,194,220
66,206,45,295,198,374,377,349,188,215
70,206,43,300,202,378,373,344,189,212
69,213,37,303,198,375,369,346,183,207
64,213,39,298,194,371,373,351,182,211
63,219,34,301,190,368,370,352,176,206
68,219,31,306,194,373,366,347,177,202
76,215,31,311,202,381,361,339,182,199
126,180,77,333,258,435,351,291,234,208
117,178,73,324,250,426,359,301,230,213
112,191,61,328,242,420,351,303,218,202
122,193,65,338,250,429,343,293,222,197
107,177,70,314,243,417,367,311,226,218
98,177,69,304,235,408,375,321,223,224
96,186,60,310,230,406,367,320,214,214
92,186,60,305,227,401,371,326,213,217
89,193,53,308,222,398,367,327,206,212
94,193,53,313,226,403,363,322,208,209
102,190,58,319,234,411,359,314,214,207
98,203,45,324,226,405,351,316,202,197
92,199,47,315,222,400,359,323,202,204
87,199,47,311,218,395,363,328,200,207
85,206,40,313,214,392,360,329,194,202
90,206,40,318,218,397,356,324,196,199
86,215,30,320,210,390,352,329,186,193
96,216,33,329,218,400,344,319,190,186
118,205,55,342,243,424,335,296,211,185
108,204,49,333,234,414,343,306,206,191
107,217,38,338,227,409,335,310,194,180
117,218,45,348,235,418,327,300,199,174
106,133,131,240,246,396,447,369,264,296
104,137,135,230,241,388,455,380,264,302
91,149,123,234,230,380,447,380,251,292
98,141,121,245,239,392,439,367,255,286
96,143,123,240,236,388,443,372,255,289
90,149,117,242,230,384,439,372,248,284
92,148,115,247,233,388,435,367,248,281
102,142,140,220,237,381,463,390,264,308
101,147,145,210,233,373,471,400,264,315
88,158,134,214,221,364,464,400,251,305
89,153,128,224,225,372,456,390,251,298
69,173,116,226,205,356,449,396,232,288
82,158,107,247,223,380,431,370,238,275
79,161,112,238,218,372,440,380,238,282
66,173,101,242,207,364,432,381,225,272
71,170,96,252,212,372,424,371,226,265
95,161,149,197,221,357,480,415,259,321
100,173,163,178,216,343,497,436,262,335
80,185,146,190,198,333,482,431,242,318
84,192,154,181,196,326,491,442,244,326
73,202,146,187,183,316,484,442,232,318
68,196,138,196,186,324,475,432,229,310
70,182,130,207,197,340,466,416,233,302
44,205,114,219,173,323,452,419,208,286
56,207,130,203,173,316,469,433,217,302
62,213,139,194,170,308,478,443,219,310
52,223,133,201,158,299,472,445,206,302
45,218,124,210,161,307,463,435,204,294
36,229,119,217,149,299,457,437,191,286
44,234,128,209,146,291,466,447,194,295
39,246,125,218,133,284,460,449,182,288
29,237,113,225,141,296,450,436,181,279
33,239,118,221,139,292,455,441,183,283
31,245,116,226,133,288,452,442,176,280
26,243,111,230,135,292,447,437,175,276
27,217,99,234,162,320,438,413,190,270
28,219,104,230,160,316,442,419,191,274
22,225,101,234,154,312,439,420,185,270
20,223,96,238,156,317,435,415,184,266
30,221,108,226,157,312,447,424,192,278
33,223,113,222,155,308,451,429,193,282
28,229,110,225,149,304,448,430,186,278
25,227,106,230,151,308,444,425,186,274
20,233,103,233,146,304,441,426,179,270
24,235,108,229,143,300,445,431,180,275
21,241,106,234,138,297,443,432,174,271
16,239,101,237,140,301,438,427,173,267
14,229,94,242,151,313,432,416,178,262
16,231,98,238,148,309,436,421,178,266
12,237,96,242,143,305,433,422,172,263
9,233,91,246,147,311,428,416,173,258
10,234,93,244,146,309,431,418,173,260
8,237,92,246,143,308,429,419,170,258
6,236,90,248,145,310,427,416,169,256
60,183,85,257,202,365,416,372,213,256
54,185,91,248,196,356,425,382,212,263
47,194,82,254,189,353,418,381,202,254
45,195,86,250,186,349,422,386,202,258
39,202,81,253,181,345,419,387,196,254
42,200,78,257,184,349,414,382,196,250
50,195,75,263,191,358,409,374,200,247
51,189,98,238,191,348,434,393,212,270
49,193,106,229,186,340,442,403,212,278
36,205,98,236,174,332,436,404,199,270
38,201,89,245,180,340,427,394,199,262
31,209,81,252,173,337,420,393,189,253
28,211,86,247,170,333,424,398,189,257
23,217,82,251,165,329,421,400,183,253
26,216,78,255,168,334,417,395,183,249
27,213,90,243,167,329,429,403,190,261
26,215,95,239,165,324,433,408,190,265
20,221,92,242,159,321,430,410,184,262
21,219,87,246,162,325,426,405,183,257
15,225,84,250,156,322,422,406,177,254
15,225,88,246,156,319,427,409,179,258
15,226,91,244,154,317,429,412,179,260
12,229,90,246,151,315,427,412,176,258
12,228,87,248,153,318,425,410,175,256
9,231,86,250,150,316,424,411,172,254
8,232,88,248,149,314,426,413,172,256
5,235,87,250,146,312,425,414,169,254
6,234,85,252,148,314,422,411,169,252
11,229,81,254,153,320,419,406,172,250
10,230,84,252,152,318,421,408,172,252
7,233,83,254,149,316,420,409,169,250
9,232,80,256,151,319,418,406,168,248
23,220,74,259,165,332,413,394,178,245
21,221,77,257,163,330,415,397,178,247
19,224,75,258,160,329,414,397,175,245
21,223,73,260,162,331,412,395,175,243
19,221,79,254,161,328,418,399,178,249
18,222,81,252,160,326,420,402,178,251
15,225,80,254,157,324,418,402,175,250
17,224,78,256,159,326,416,400,175,247
15,228,76,258,156,325,415,401,171,246
13,228,79,256,155,322,417,403,172,248
11,231,78,258,152,321,415,404,168,246
14,231,75,260,154,323,413,401,168,244
20,226,72,262,159,329,410,396,171,241
17,227,74,260,158,327,412,398,171,243
16,230,73,262,155,325,411,399,168,242
18,229,70,264,157,328,409,396,168,239
45,204,66,269,185,355,402,373,190,238
41,205,69,265,182,350,406,378,190,242
37,211,65,268,177,347,403,379,183,238
42,210,61,273,181,351,399,374,184,234
37,206,73,260,179,346,411,383,189,246
34,208,77,256,176,342,415,388,189,250
29,214,74,259,171,338,412,389,183,245
33,213,69,264,174,343,408,384,183,241
30,219,66,267,169,339,404,386,176,237
25,220,70,263,166,335,409,391,176,241
24,225,67,267,163,334,405,391,171,237
22,225,69,264,161,331,408,393,171,239
21,228,68,266,159,330,406,394,168,237
23,228,66,268,160,332,404,391,168,235
27,225,63,271,164,336,401,387,170,233
39,217,57,276,176,348,396,376,177,229
34,218,62,271,172,344,400,381,177,233
32,224,58,275,167,341,397,382,170,229
38,223,54,279,171,345,392,377,171,225
37,229,51,283,166,342,389,379,164,221
33,229,55,279,165,340,393,382,166,225
31,229,57,277,163,337,396,385,165,227
31,232,56,278,161,336,394,385,162,225
33,232,54,280,163,338,392,383,162,223
33,237,54,282,158,335,391,385,157,221
38,236,49,286,162,339,386,380,158,217
28,230,60,274,161,335,398,387,165,229
26,230,62,272,160,333,400,390,165,231
26,233,61,274,157,331,399,390,162,229
28,233,59,276,159,333,396,388,162,227
23,231,65,270,158,330,402,392,165,233
20,232,67,268,156,328,405,395,165,236
20,235,66,270,154,327,403,395,162,234
23,234,64,272,155,329,401,393,162,232
23,239,64,274,151,326,400,395,157,230
28,238,59,278,155,330,395,390,157,226
30,244,57,282,150,327,393,392,151,222
25,245,62,278,146,323,397,397,150,226
29,250,61,282,144,322,394,397,146,223
27,250,63,280,142,319,396,400,145,225
30,254,63,282,140,318,395,401,142,223
31,253,61,284,142,320,393,398,142,221
33,249,56,286,148,326,389,392,146,218
31,249,58,284,146,324,392,395,146,220
33,252,58,286,144,323,390,396,142,219
35,252,56,288,146,325,388,393,143,216
40,240,46,290,160,338,383,381,153,213
38,241,49,288,158,336,385,383,153,215
39,244,48,290,156,335,384,384,150,214
41,244,46,292,158,337,381,381,150,212
35,243,52,286,154,332,388,387,151,218
38,248,51,290,152,331,385,387,146,214
36,248,53,288,150,329,387,390,146,216
37,251,53,290,148,327,386,391,143,214
39,251,51,292,150,330,383,388,143,212
42,247,45,294,156,336,380,382,147,210
40,247,48,292,154,333,382,385,147,212
42,250,48,294,152,332,381,386,143,210
44,250,45,296,154,334,379,383,144,208
18,232,69,266,154,326,407,397,165,238
15,233,72,264,153,324,409,400,165,240
15,236,71,266,150,322,408,400,162,238
18,235,68,268,152,324,406,398,162,236
13,234,74,262,151,321,412,402,165,242
10,235,77,260,150,319,414,405,165,244
10,238,76,262,147,318,412,405,162,242
13,237,73,264,149,320,410,403,162,240
14,240,73,266,146,318,409,404,159,238
11,241,75,264,145,316,411,406,159,240
13,244,75,266,142,315,410,407,155,239
15,243,72,268,144,317,407,404,155,236
19,239,68,270,150,323,404,399,158,234
16,239,70,268,148,321,406,401,158,236
17,242,69,270,145,319,405,402,155,234
20,242,67,272,147,321,403,399,155,232
8,235,79,258,148,317,416,407,165,246
5,236,82,256,146,315,419,409,165,248
5,239,81,258,144,313,417,410,162,246
8,238,78,260,145,315,415,408,162,244
3,237,84,254,145,313,421,412,166,250
2,238,87,252,143,310,423,414,166,252
2,241,86,254,141,309,422,415,163,251
3,240,83,256,142,311,419,413,162,248
6,243,83,258,140,309,418,413,159,247
6,244,85,256,138,307,420,416,159,249
9,247,85,258,136,306,419,417,156,247
9,246,82,260,137,308,417,414,156,245
9,241,78,262,143,314,413,409,159,242
7,242,80,260,141,312,416,411,159,245
10,245,80,262,139,310,414,412,156,243
11,245,77,264,140,312,412,409,156,241
15,250,78,266,136,309,411,412,151,239
12,249,82,262,135,306,415,415,153,243
12,250,84,260,133,304,418,418,153,246
15,253,84,262,131,303,416,418,150,244
15,252,81,264,132,305,414,416,149,242
20,257,82,266,128,301,413,418,145,240
21,256,77,270,131,306,409,414,144,236
21,245,66,274,145,320,401,400,152,230
19,245,69,272,143,318,404,403,152,232
21,249,69,274,141,316,402,404,149,231
23,248,66,276,143,319,400,401,149,229
18,248,73,270,139,313,406,407,150,235
23,254,72,274,135,311,404,409,144,232
25,251,66,278,140,317,399,402,145,227
24,252,68,276,138,315,401,404,145,229
26,255,68,278,136,313,400,405,142,227
28,254,66,280,138,316,397,403,142,225
31,259,67,282,134,313,397,406,137,224
29,261,72,278,130,308,401,410,137,228
35,267,73,282,126,305,399,412,131,225
37,266,68,286,130,310,394,408,131,221
27,262,78,274,126,303,406,415,138,233
27,264,83,270,123,299,411,420,138,237
33,270,83,275,118,296,408,422,132,234
34,268,78,278,122,301,404,417,131,230
40,274,80,283,118,298,401,419,125,227
40,276,85,279,114,293,406,424,125,232
46,282,86,284,109,291,404,426,119,229
46,281,81,287,113,295,399,421,118,224
43,272,70,290,126,307,392,410,124,218
41,273,75,287,121,303,396,414,125,222
47,279,77,291,118,300,394,417,118,220
49,278,72,295,122,305,389,412,118,215
45,255,47,298,150,331,378,386,139,206
41,256,52,294,146,327,382,391,138,211
46,262,53,298,142,324,380,393,132,207
49,261,48,302,146,329,375,388,132,203
38,257,57,290,142,322,387,396,138,215
34,258,62,286,138,317,392,401,137,219
39,264,63,290,134,315,389,403,131,216
42,263,58,294,138,319,385,398,131,212
48,270,60,298,134,317,382,400,125,209
45,271,65,294,130,312,387,405,124,213
51,277,67,298,126,310,384,407,118,210
53,276,62,302,130,315,380,402,118,206
54,268,50,306,142,326,373,390,126,200
51,269,55,302,138,322,377,395,125,204
56,275,58,306,135,319,375,397,119,201
59,274,53,310,139,324,370,393,119,197
4,239,89,250,142,308,425,417,166,255
6,240,92,248,141,306,428,419,167,257
7,243,91,250,138,304,426,420,163,255
4,242,88,252,139,307,424,418,163,253
10,243,95,246,137,302,431,424,165,259
10,247,93,250,134,300,427,423,160,255
12,248,95,248,132,298,430,426,161,258
14,251,95,250,130,297,428,427,158,256
12,250,92,252,131,299,426,424,157,254
6,245,88,254,137,305,423,418,160,251
8,246,90,252,135,303,425,421,160,253
11,249,90,254,133,301,424,422,157,252
9,248,87,256,134,303,421,419,157,249
15,244,100,242,134,297,435,429,166,263
20,247,105,238,132,293,440,434,167,268
21,252,104,242,126,290,437,435,161,265
17,250,99,246,129,294,432,430,160,260
20,256,98,250,123,291,430,432,154,257
24,258,103,246,121,286,435,437,155,261
28,264,103,251,115,283,432,438,149,258
25,263,98,255,118,288,427,433,147,254
12,251,87,258,131,302,420,420,153,248
13,252,89,256,130,300,422,423,154,250
16,255,89,258,127,298,421,423,150,248
16,254,87,260,129,300,419,421,150,246
17,255,93,254,126,295,425,427,153,253
22,261,93,258,121,292,423,428,146,249
21,259,88,262,124,297,418,423,145,245
28,253,112,234,125,285,445,442,166,273
38,257,122,227,121,276,455,452,169,282
42,269,121,236,109,269,450,455,157,276
29,260,108,243,118,282,439,442,156,266
33,263,113,239,116,278,444,446,158,271
36,268,113,244,110,274,442,448,151,268
32,266,108,247,112,279,437,443,150,263
41,276,111,252,103,272,436,448,141,261
48,281,121,246,98,263,445,458,145,271
57,292,123,255,86,257,441,462,133,266
51,288,113,262,92,266,431,452,129,256
27,265,88,266,119,294,415,425,139,242
26,265,92,263,118,291,420,428,141,246
27,266,94,261,117,289,422,431,142,248
30,269,94,263,114,288,421,432,139,247
29,268,92,265,116,290,418,429,138,245
35,273,94,267,111,287,418,432,134,244
33,271,88,271,115,291,413,427,133,239
30,269,98,259,113,285,425,435,141,251
33,270,103,255,110,280,430,440,142,256
39,276,104,260,105,277,427,442,136,253
36,275,99,264,108,282,423,437,135,248
42,281,100,268,103,279,420,439,128,246
44,283,105,265,100,275,425,444,130,250
50,289,106,270,95,272,423,446,124,248
48,287,101,273,98,277,418,441,122,243
40,277,90,275,110,289,411,429,126,236
41,279,95,272,106,284,416,434,127,241
47,285,96,277,102,281,413,436,121,238
46,284,91,280,106,286,409,431,120,234
53,290,93,285,101,284,406,433,113,231
53,291,98,281,97,279,411,438,115,236
60,298,100,286,93,276,409,440,108,234
59,296,96,289,97,281,404,435,107,229
55,293,103,278,94,274,416,443,116,241
56,295,108,274,90,269,421,448,117,246
62,301,110,279,85,267,419,450,111,243
61,299,105,283,89,272,414,445,110,239
67,305,108,288,85,269,412,447,103,237
69,307,112,284,81,265,417,452,105,241
75,313,115,289,77,263,415,454,99,240
74,311,111,293,82,267,410,450,97,235
69,306,102,295,90,276,404,441,98,228
58,296,113,271,86,265,426,453,119,250
61,298,118,268,83,260,431,457,121,255
66,304,120,273,78,257,429,460,115,253
64,303,115,276,82,262,424,455,113,248
67,304,126,266,76,252,437,466,121,261
79,316,130,276,66,247,433,470,110,258
74,313,121,282,73,256,424,460,105,248
82,321,123,291,70,256,419,462,95,243
84,323,127,288,65,251,424,466,98,248
90,329,130,294,62,249,422,469,92,246
89,327,126,297,66,254,417,464,90,241
90,328,135,287,57,242,430,475,99,255
102,340,142,297,51,239,427,480,88,252
99,337,133,303,60,249,417,470,82,242
82,319,109,305,84,272,400,446,86,225
80,318,114,298,78,265,409,452,91,233
81,319,118,295,74,261,414,457,93,238
87,325,121,300,71,259,412,459,87,236
86,324,117,303,76,264,407,455,85,231
93,330,121,308,73,262,406,457,79,230
94,332,125,305,68,257,411,462,81,235
100,338,129,310,66,255,409,465,76,234
99,336,125,313,71,260,404,460,73,229
92,327,113,314,83,272,396,448,76,220
92,329,117,311,78,267,401,453,77,225
98,335,121,316,76,265,399,455,71,224
98,333,117,319,81,270,394,451,69,219
64,281,57,314,136,322,368,395,113,194
61,281,61,310,131,317,373,400,112,198
67,288,65,315,128,315,370,402,106,196
70,287,60,319,133,320,366,397,107,191
59,282,65,307,127,312,377,404,112,203
57,283,70,303,122,308,382,409,111,208
63,290,73,307,119,305,380,412,105,205
65,289,69,311,124,310,375,407,105,200
73,299,77,316,117,305,375,413,95,199
75,293,65,323,130,318,363,400,100,188
73,294,69,319,126,313,368,405,99,193
79,301,73,324,123,311,366,407,93,191
81,300,70,327,128,316,361,403,94,186
55,284,74,299,118,303,387,414,111,212
54,286,79,295,114,298,392,419,112,217
60,292,82,300,110,296,390,421,105,215
61,291,77,304,115,301,385,416,105,210
53,287,84,292,110,293,397,424,112,222
53,288,88,288,105,288,402,428,113,226
59,295,91,293,102,286,399,431,106,224
59,293,86,296,106,291,395,426,106,219
69,303,93,302,99,285,394,432,96,218
70,301,85,309,108,295,384,422,95,209
80,310,89,318,106,295,379,424,85,203
79,311,93,314,102,290,384,429,86,208
86,317,97,319,99,288,382,431,79,207
87,316,93,322,104,293,377,427,79,202
82,316,101,312,93,282,391,437,83,215
92,325,105,321,93,282,386,439,73,210
92,326,109,317,88,277,391,443,74,215
98,332,113,322,86,275,389,446,68,214
98,331,109,326,91,280,384,441,67,209
96,326,102,328,99,289,377,433,69,202
89,310,79,332,122,312,361,409,84,185
85,311,85,325,113,302,371,418,82,195
98,324,95,335,109,299,367,424,70,192
101,323,89,342,119,309,358,415,71,182
116,231,38,353,229,413,319,304,188,163
106,230,29,344,220,404,328,313,183,170
107,243,24,350,214,399,321,318,172,160
117,244,34,359,223,409,312,308,177,153
96,229,22,335,211,394,337,323,178,176
86,228,18,326,203,385,345,333,174,183
87,241,5,333,196,380,339,337,162,174
97,242,14,341,205,390,330,327,167,167
100,255,16,348,199,385,324,332,155,157
91,254,10,339,189,375,333,341,150,165
96,267,23,347,184,371,327,346,139,157
105,268,26,355,193,381,318,337,144,149
120,257,35,366,217,405,306,313,167,143
110,256,25,357,208,395,315,322,161,150
114,268,32,364,203,391,308,328,150,141
124,270,40,372,212,401,299,318,156,134
75,228,19,317,194,376,354,343,170,190
68,226,26,309,190,370,362,349,171,198
63,226,29,304,186,365,367,354,169,202
63,232,25,308,182,363,364,356,163,197
68,232,21,312,186,367,359,351,165,194
69,238,18,316,182,365,356,353,158,189
64,239,22,311,178,360,361,358,157,193
66,245,21,315,174,357,358,360,151,189
71,245,16,319,179,362,353,355,152,185
77,241,9,324,187,370,348,347,158,181
57,226,33,300,182,361,371,359,168,206
52,227,37,296,178,356,376,364,167,209
53,233,34,299,174,353,373,366,161,205
58,233,30,303,178,358,368,361,162,201
47,228,42,291,174,351,380,369,166,213
42,228,46,287,170,347,385,374,165,217
43,235,44,291,166,344,382,376,159,213
48,234,39,295,170,349,377,371,160,209
49,240,37,298,166,346,374,372,153,205
44,241,42,294,162,341,379,377,152,209
47,248,42,298,158,339,376,379,146,206
51,247,36,302,162,343,371,374,147,201
59,239,27,307,174,355,365,363,155,197
54,240,32,303,170,351,370,368,154,201
56,246,31,306,166,348,367,369,148,197
61,246,26,311,170,353,362,365,149,193
62,256,30,314,163,347,360,370,139,190
54,253,37,306,158,341,369,376,140,198
50,254,42,302,154,336,373,381,139,202
53,261,43,306,150,334,370,383,133,198
57,260,38,310,154,338,366,379,134,194
61,266,41,314,151,336,363,381,128,191
58,267,46,310,147,331,368,386,127,195
62,273,49,314,143,329,365,388,120,192
66,273,44,318,148,334,361,383,122,188
70,265,32,322,160,346,354,371,131,182
65,266,37,318,155,341,358,376,129,186
70,272,40,322,152,339,356,378,123,183
73,272,37,326,157,344,351,374,124,179
82,251,8,331,184,369,341,347,150,173
77,251,12,327,180,365,346,352,148,177
80,258,17,331,177,362,343,355,142,173
85,258,14,335,181,367,338,350,144,169
71,255,21,322,171,356,351,361,142,181
78,264,25,330,169,355,344,362,134,173
74,265,28,326,164,351,349,366,132,178
78,271,33,330,162,348,347,369,126,174
82,271,30,334,166,353,342,364,128,170
87,267,24,338,175,362,336,356,134,165
94,280,36,346,169,358,331,361,123,158
86,277,36,338,164,351,339,367,122,167
82,278,38,334,159,346,344,371,120,171
86,284,44,338,156,345,342,374,114,168
90,284,42,342,161,349,337,369,116,163
95,294,52,346,156,344,336,376,106,161
102,293,49,354,165,354,326,367,111,152
78,278,41,330,154,342,349,376,118,175
74,279,45,326,150,337,354,381,117,180
79,285,50,330,147,335,351,383,110,177
82,285,47,334,152,340,346,379,112,172
70,279,48,322,145,332,358,385,115,184
67,280,52,318,140,327,363,390,114,189
72,286,57,322,138,325,361,393,108,186
75,286,53,326,142,330,356,388,109,182
81,292,58,331,140,328,354,391,103,179
78,293,61,327,135,323,359,395,101,184
83,299,66,331,133,321,357,398,95,181
86,298,63,335,138,326,352,393,97,176
88,294,56,338,146,335,345,385,102,171
98,307,68,347,142,331,341,391,90,166
93,308,73,340,132,321,351,400,87,176
105,321,84,349,130,319,348,406,74,172
109,320,80,356,140,329,338,397,79,162
111,306,62,362,162,351,322,372,100,147
104,307,64,355,152,341,332,382,95,156
115,320,77,363,150,339,328,388,84,152
121,319,75,371,160,349,318,379,90,142
129,283,49,379,208,397,294,324,146,125
120,281,42,371,199,387,303,333,140,133
126,294,54,378,195,384,298,339,130,125
135,295,59,387,205,394,288,330,137,117
111,278,36,363,192,381,311,339,138,141
107,277,34,359,187,376,316,343,135,145
110,284,40,362,185,374,313,346,129,141
115,284,42,366,190,379,308,342,132,137
102,280,36,354,179,368,322,352,128,150
110,293,49,362,175,364,317,357,117,143
118,294,50,370,185,374,307,348,123,134
126,307,63,378,182,371,303,355,114,128
118,306,62,370,172,361,312,363,107,137
128,319,75,379,170,359,308,370,97,133
135,320,76,386,180,369,298,361,105,123
142,308,70,394,202,392,283,337,129,110
134,307,66,386,192,382,293,346,121,119
142,320,78,394,190,379,289,352,112,113
150,321,82,402,201,389,279,344,121,104
158,334,94,410,200,388,275,351,114,99
151,333,90,403,189,377,285,360,105,109
161,346,103,411,189,376,282,367,99,106
167,347,106,419,200,386,272,359,108,96
146,339,94,395,174,361,298,376,89,123
167,365,120,414,176,359,293,391,77,121
177,360,118,427,200,385,269,367,103,95
170,359,116,420,190,375,279,375,94,105
181,372,128,429,192,375,277,383,90,106
187,373,131,436,202,385,267,375,101,96
134,339,95,381,153,341,318,393,72,143
121,333,92,365,138,327,335,403,67,159
116,334,96,358,128,317,345,412,62,169
129,347,108,368,128,315,342,418,51,167
132,346,104,375,138,325,332,410,57,157
144,359,117,384,139,324,330,417,48,156
141,360,120,378,129,314,340,425,41,167
153,373,132,388,132,313,338,432,32,167
156,372,130,394,141,323,328,424,41,157
157,365,121,399,155,339,314,407,58,141
180,391,146,419,162,339,311,423,53,144
169,385,142,404,145,323,327,431,38,158
163,382,141,397,137,316,335,436,31,165
162,383,142,394,132,310,340,440,26,170
168,389,148,399,134,311,339,444,25,171
169,389,147,402,139,316,334,439,30,166
178,399,157,408,140,313,336,447,29,171
181,398,155,414,149,324,326,439,39,161
193,411,168,425,155,325,326,447,44,164
191,412,170,419,146,314,336,455,35,174
203,425,182,429,152,316,337,463,45,178
206,424,181,435,161,326,326,455,52,168
204,417,172,439,171,341,311,439,60,152
200,392,149,446,201,380,270,391,94,104
189,391,146,432,181,359,291,407,74,124
212,417,172,452,190,361,290,424,79,133
222,418,174,465,209,381,270,409,98,114
113,335,100,351,118,306,355,421,59,179
110,337,106,345,108,296,365,430,57,189
123,350,117,355,107,295,362,436,44,188
125,348,112,361,118,305,352,427,46,178
109,339,112,338,97,286,375,439,56,200
108,341,118,332,87,276,385,448,58,210
121,354,128,342,87,274,382,454,45,208
121,352,122,348,97,284,372,445,43,198
134,364,133,359,99,283,370,451,31,197
134,366,139,353,89,273,380,460,33,208
147,379,149,363,92,272,379,467,22,208
147,377,144,369,102,282,369,458,18,198
138,361,123,371,119,304,350,434,35,177
136,363,128,365,109,293,360,443,31,187
149,375,140,375,112,293,359,449,18,187
151,374,136,381,122,303,348,441,24,177
108,344,125,326,77,266,395,457,61,220
106,342,129,318,70,259,403,463,68,228
106,344,133,315,65,254,408,467,70,233
113,350,137,321,64,253,407,470,65,232
112,349,133,324,69,258,402,465,62,227
122,359,142,330,67,254,403,472,55,229
121,356,135,336,77,264,392,463,50,218
111,349,141,314,57,246,415,476,72,240
114,353,149,308,47,236,425,485,79,250
127,365,157,319,46,234,423,490,70,249
124,362,149,325,56,244,413,481,62,239
137,374,158,336,59,242,411,487,54,238
135,373,161,329,51,235,419,493,62,246
137,375,165,327,46,230,424,497,67,251
143,381,170,332,48,229,423,500,64,251
141,379,166,335,53,234,418,496,59,246
148,386,171,340,56,234,418,499,57,246
149,387,174,338,52,229,423,503,61,251
155,393,179,344,55,229,422,506,60,251
154,392,175,346,59,234,417,502,55,246
149,387,168,347,64,241,410,493,48,239
134,369,145,347,79,263,391,469,39,218
135,371,151,341,69,252,401,478,46,228
144,380,157,351,74,254,397,481,38,226
145,381,160,348,70,249,402,485,43,231
151,388,165,354,72,249,402,488,40,231
151,386,162,356,77,254,397,484,35,226
147,381,155,358,83,262,389,476,30,218
160,394,166,369,88,262,388,482,25,219
161,396,172,363,80,252,398,491,35,229
173,409,182,375,88,252,398,498,36,231
173,407,177,380,96,262,388,489,26,221
162,399,178,358,71,241,409,500,45,239
164,402,184,354,64,231,419,509,56,250
177,414,194,365,73,232,418,515,56,251
171,408,184,368,80,244,406,503,43,238
172,409,187,366,76,239,411,507,48,243
178,415,192,371,81,240,411,510,49,244
178,414,189,374,84,245,405,506,44,239
188,424,199,381,90,243,408,514,50,243
189,427,205,377,84,233,418,522,60,253
202,439,215,389,95,235,419,529,66,256
200,437,210,393,100,245,408,521,57,246
186,419,188,391,104,264,388,496,33,223
186,422,193,386,97,253,398,505,41,233
199,434,204,398,106,255,398,512,50,236
199,432,200,402,113,265,388,504,43,226
163,387,148,392,126,303,347,448,18,178
161,388,151,386,116,293,358,456,8,189
174,401,163,396,122,293,357,464,12,191
176,400,160,402,131,303,347,455,20,181
160,390,156,380,107,282,368,465,6,199
160,392,160,374,97,272,378,474,15,209
173,405,172,385,104,273,377,481,17,211
173,403,167,391,113,283,367,472,10,201
186,416,179,401,120,284,367,480,23,203
186,417,183,396,112,274,377,488,27,213
199,430,195,407,120,275,378,496,38,217
199,428,191,413,128,286,367,487,36,207
189,413,172,413,137,304,347,463,28,184
187,414,176,407,128,294,357,471,24,193
200,427,188,418,136,296,357,479,36,197
201,426,185,423,144,306,347,471,39,187
214,438,197,434,152,308,348,479,51,192
213,440,200,429,144,298,358,487,49,202
226,453,213,440,153,301,359,495,62,207
227,451,210,445,160,311,349,488,64,198
212,441,203,424,137,288,368,495,49,211
212,443,207,419,130,278,378,503,51,221
225,456,219,430,139,281,380,511,63,225
225,454,216,435,146,291,369,503,62,216
238,467,228,446,156,294,371,512,75,222
238,468,231,442,150,284,381,520,76,231
246,471,230,459,171,311,357,504,82,211
212,445,211,414,123,268,389,512,54,230
212,447,216,409,117,258,399,520,60,240
225,460,227,421,128,261,400,528,71,244
225,457,223,425,133,271,390,519,66,235
220,457,229,408,115,244,415,536,74,257
246,482,252,432,138,252,418,552,95,266
244,478,243,441,147,272,397,536,86,247
245,444,200,485,220,385,272,428,109,129
236,443,198,472,202,365,292,442,92,146
260,469,224,493,216,370,297,461,109,162
268,469,225,505,233,390,277,447,124,147
229,443,198,460,184,344,313,457,76,163
224,444,201,448,168,324,333,472,64,181
249,469,226,470,185,330,337,489,87,194
254,469,224,481,200,350,317,475,97,177
298,390,214,545,358,545,126,245,262,68
279,381,196,527,338,524,144,256,242,50
290,404,209,541,339,523,133,278,238,44
308,413,226,558,359,544,114,267,259,65
260,372,178,510,317,504,162,269,222,33
244,360,162,494,302,489,179,274,209,31
234,356,153,485,292,479,188,281,199,30
241,368,161,492,292,478,183,290,196,17
250,372,169,501,302,488,174,283,206,18
256,384,177,508,302,487,170,293,204,9
247,380,169,499,292,477,179,300,194,4
255,392,178,507,293,477,176,310,192,11
263,396,185,515,303,487,166,304,202,13
274,392,193,525,323,508,150,281,224,29
265,388,185,516,313,498,160,287,214,19
272,400,193,524,314,497,156,297,212,21
280,403,201,532,324,508,146,292,223,31
287,415,209,539,325,508,144,302,222,37
279,412,202,531,315,497,154,308,212,30
287,424,211,539,317,498,152,319,212,41
295,427,218,547,327,508,142,313,222,46
271,408,195,523,305,487,164,314,201,25
262,405,188,515,295,477,174,320,191,24
270,417,197,523,297,477,173,331,191,36
278,420,204,531,307,487,163,325,202,37
287,437,216,539,306,483,168,344,198,56
303,444,229,555,326,504,147,333,219,61
323,431,242,574,368,551,102,278,266,75
318,429,238,569,363,546,107,280,260,70
322,434,241,573,364,546,105,286,260,72
326,437,245,577,369,551,100,284,265,77
313,428,233,565,356,538,113,287,253,64
320,440,241,572,358,538,112,298,253,70
329,443,249,581,370,551,99,290,266,79
325,440,245,577,365,546,104,292,260,75
328,446,249,580,366,546,104,298,261,78
333,448,253,584,371,551,99,296,266,82
305,424,225,556,346,528,124,292,242,54
296,419,217,548,335,518,134,297,232,45
303,431,226,555,337,518,132,308,232,53
312,435,233,564,347,528,122,303,243,61
319,447,242,571,350,529,121,315,243,70
311,443,235,563,340,519,132,319,233,63
319,455,244,571,343,520,133,331,235,73
327,459,251,579,353,530,122,326,245,79
335,460,258,587,366,545,106,314,259,85
225,352,145,476,281,469,198,288,189,32
216,349,137,468,271,459,207,295,180,37
223,361,145,475,271,458,203,304,176,28
232,365,153,484,281,468,193,297,186,21
208,346,129,459,261,449,217,303,170,44
199,343,122,451,251,438,226,311,160,53
206,356,131,459,251,437,222,319,156,47
215,358,138,467,261,447,213,312,166,37
222,376,150,475,257,441,213,329,157,39
238,381,163,491,277,462,193,315,177,19
190,341,115,443,241,428,236,318,151,61
182,339,108,434,230,418,246,326,141,71
190,351,119,442,230,417,242,335,137,66
198,354,125,450,240,427,232,327,146,56
174,337,103,426,220,408,255,335,132,80
166,335,98,418,210,398,265,343,123,90
175,348,109,427,210,396,262,351,117,86
182,350,114,434,220,407,252,343,127,76
191,362,126,443,221,406,249,351,123,75
184,361,121,435,210,395,259,359,113,85
194,374,134,444,212,395,257,367,111,85
200,375,137,451,222,405,247,359,121,75
207,372,138,459,237,421,233,344,137,59
225,397,161,476,241,421,229,362,135,66
210,388,149,460,224,405,245,368,120,78
204,387,146,453,214,395,255,376,109,88
214,400,158,462,217,395,255,385,110,92
220,401,162,469,227,405,244,377,120,83
233,420,179,479,228,402,249,395,118,97
245,423,185,494,247,422,229,381,138,81
255,406,183,507,281,462,189,335,176,35
239,401,171,491,261,441,209,348,155,49
258,427,194,508,267,442,209,368,158,68
272,431,204,524,287,463,188,355,178,59
291,456,226,541,295,466,191,377,184,84
278,452,217,526,276,445,211,388,165,90
299,477,241,545,286,450,217,409,175,114
311,482,249,559,305,470,198,398,193,109
266,448,210,512,257,425,232,401,146,101
255,445,204,498,238,405,252,414,127,114
277,471,229,518,250,410,257,434,140,134
287,474,234,531,268,430,237,421,157,123
351,483,276,603,372,547,112,338,263,104
335,475,262,587,353,527,131,346,243,93
352,500,282,604,361,530,141,370,251,116
367,507,295,620,380,551,122,362,270,126
320,468,249,572,333,506,151,355,224,85
305,462,237,556,314,486,171,365,204,82
324,487,259,574,323,490,178,388,212,108
338,493,270,589,342,510,159,378,231,110
517,354,464,642,652,826,474,196,611,478
483,314,434,602,620,792,471,196,584,461
454,307,399,593,588,764,419,144,545,413
490,348,431,633,621,799,422,145,574,432
451,274,406,562,590,758,473,203,559,446
421,234,381,523,561,725,477,218,536,436
387,226,340,512,525,695,426,173,493,385
420,266,369,552,556,729,421,154,518,397
393,269,334,547,524,702,369,107,479,349
357,229,303,506,491,667,375,134,452,335
333,243,271,506,461,642,324,105,413,286
371,282,305,547,496,679,317,69,443,302
467,350,402,629,593,775,371,94,539,388
429,310,368,588,558,739,368,92,508,367
410,320,341,588,532,716,316,42,474,322
449,360,378,628,569,754,319,47,507,347
586,435,528,722,718,896,489,222,669,520
551,394,495,682,685,861,480,206,639,498
526,389,464,674,655,835,429,158,604,454
563,430,499,715,690,872,439,179,635,479
543,432,474,711,665,850,390,141,604,440
505,391,438,670,629,812,378,113,571,413
488,400,416,669,606,792,328,77,540,374
527,440,454,710,643,830,341,114,575,403
517,453,440,714,625,814,294,108,550,371
476,415,400,673,586,775,278,68,514,338
482,439,402,689,584,773,246,93,506,323
461,420,382,668,565,754,238,77,487,306
465,434,384,677,565,754,222,95,484,300
457,425,377,669,558,747,222,87,478,295
452,421,372,664,553,742,220,84,474,291
452,424,371,665,551,741,214,90,471,287
457,429,376,670,556,746,216,92,476,291
454,431,373,670,552,741,206,99,470,284
464,440,383,680,562,751,210,105,479,293
480,450,399,693,578,767,222,110,496,310
511,472,431,721,611,800,249,126,529,343
511,496,428,732,601,790,206,159,513,321
470,461,387,692,560,749,183,135,473,283
475,491,391,707,554,742,140,182,461,266
516,524,431,746,595,783,169,201,501,306
436,377,360,632,548,736,268,29,478,308
396,339,321,592,510,697,264,21,444,280
400,366,321,608,506,695,225,53,432,259
380,349,301,588,487,675,225,59,414,244
378,363,297,593,479,668,199,83,402,226
398,380,317,613,499,688,200,79,421,242
441,402,362,648,545,734,232,64,469,290
420,384,341,628,526,714,228,55,450,274
419,397,338,633,518,708,202,80,439,258
439,415,358,653,538,727,207,86,458,275
356,302,283,551,472,659,266,59,410,257
316,267,245,511,436,621,274,99,378,237
307,298,228,521,415,603,225,118,347,191
359,331,281,568,467,655,226,70,397,231
339,314,261,548,448,636,229,85,379,219
337,330,256,554,440,628,204,103,366,198
357,346,277,573,459,648,200,91,384,211
347,363,264,574,440,629,163,131,358,177
316,332,234,541,413,602,185,136,336,165
296,318,213,522,393,582,193,150,318,153
298,338,213,530,387,576,170,169,306,132
318,351,234,550,407,596,160,157,325,146
322,371,237,559,403,592,137,179,315,129
302,358,217,540,382,571,148,190,296,113
308,379,223,551,380,568,128,212,288,98
328,391,243,570,400,588,115,202,308,116
362,398,277,597,443,632,123,163,354,164
342,384,257,578,423,612,129,170,335,146
348,404,263,588,420,608,105,194,328,135
368,417,282,607,441,629,98,188,348,154
439,428,356,659,532,722,182,110,449,261
418,411,336,639,512,702,177,106,429,243
420,427,336,647,508,697,152,131,421,231
440,443,356,666,528,717,158,135,440,250
388,394,305,613,480,669,160,119,396,210
395,429,310,630,472,661,108,170,381,188
435,459,350,669,513,701,118,171,421,227
453,493,368,692,522,708,90,211,424,230
434,478,348,674,501,688,79,209,404,209
441,497,356,684,502,687,57,235,402,208
461,511,376,703,523,707,73,237,422,228
408,467,323,651,471,657,56,222,372,178
431,503,347,678,484,666,25,260,381,190
412,490,329,660,463,646,17,262,360,170
423,511,341,673,467,647,10,287,361,176
442,523,359,691,487,667,20,286,382,196
469,530,385,714,524,707,61,263,422,230
450,516,366,696,504,687,42,261,401,210
460,536,377,708,507,688,39,287,402,215
479,549,395,726,527,708,60,288,423,235
369,441,285,614,430,616,66,229,331,137
336,412,251,581,399,586,95,226,303,108
317,401,232,563,379,565,110,235,283,88
327,423,244,576,379,564,96,258,279,85
345,434,262,594,400,584,78,250,300,106
357,456,275,607,402,584,67,275,299,110
339,446,258,590,382,564,87,282,278,90
353,465,273,605,390,570,80,298,284,103
344,460,265,596,380,560,91,302,274,94
352,472,274,604,383,560,92,314,275,101
360,477,281,612,393,571,82,310,286,110
370,478,290,621,406,585,66,299,300,119
393,478,310,642,443,625,29,264,340,149
375,467,293,624,423,605,48,269,319,129
389,486,307,639,430,611,40,287,325,140
380,480,298,630,420,600,50,289,315,131
386,492,306,637,423,601,52,302,316,136
395,497,314,646,433,611,43,299,326,145
405,500,323,655,447,626,26,290,341,157
418,522,338,669,452,628,43,316,344,168
402,508,322,653,435,612,49,312,328,151
393,503,314,645,425,602,58,314,318,142
400,514,322,652,429,604,65,327,320,150
409,519,330,660,438,614,58,325,330,158
415,534,338,668,439,611,76,345,329,166
432,544,354,684,458,632,66,341,349,182
385,496,305,637,417,594,63,313,310,134
380,494,301,632,412,589,68,314,305,130
384,499,306,636,414,590,70,320,306,133
388,502,309,640,419,595,66,319,311,138
376,493,298,628,405,582,76,319,298,125
383,504,306,636,409,583,82,332,300,134
392,509,314,644,419,593,73,329,310,141
367,492,290,619,392,567,93,330,284,118
383,515,309,635,400,571,105,355,290,137
399,524,323,651,419,591,89,349,309,151
490,569,407,739,532,710,69,314,425,243
472,556,389,721,512,690,52,313,405,223
484,577,403,735,518,692,72,339,409,234
502,590,420,752,537,713,85,340,429,252
453,544,372,704,492,669,40,312,385,204
436,533,355,687,472,649,36,313,364,186
449,554,370,701,478,652,62,339,369,199
467,566,386,718,498,672,64,338,389,216
526,555,441,764,594,779,142,246,495,300
486,524,401,726,553,738,105,231,454,259
502,560,418,747,556,738,90,281,453,263
541,589,456,784,597,779,131,294,493,303
564,624,480,811,612,792,145,334,506,321
546,610,462,793,592,771,125,327,486,301
556,629,474,805,597,774,135,352,490,309
575,643,492,823,617,794,153,358,510,328
527,596,443,775,572,751,106,321,466,281
508,582,425,757,552,730,87,317,445,262
520,602,438,770,557,733,100,343,449,271
538,615,456,787,577,753,117,347,469,290